timestamp,fx,fy,cx,cy,pose 00,pose 01,pose 02,pose 03,pose 10,pose 11,pose 12,pose 13,pose 20,pose 21,pose 22,pose 23,pose 30,pose 31,pose 32,pose 33
414314737005,590.72217,590.8668,374.16476,203.5194,0.9978203,0.013408206,0.06464204,0.0,0.011525077,0.9287457,-0.3705426,0.0,-0.065004334,0.37047902,0.92656595,0.0,0.108160816,0.022883091,-0.11414768,1.0
414315070204,590.72217,590.8668,374.16476,203.5194,0.99774194,0.013515521,0.06581789,0.0,0.011951706,0.9282427,-0.37178716,0.0,-0.06611987,0.37173367,0.92598444,0.0,0.10841539,0.022699542,-0.11462468,1.0
414315403402,590.72217,590.8668,374.16476,203.5194,0.9976559,0.013879093,0.06703693,0.0,0.012166428,0.92770153,-0.37312838,0.0,-0.067368954,0.37306845,0.92535734,0.0,0.10860156,0.022432249,-0.11513081,1.0
414315736601,590.72217,590.8668,374.16476,203.5194,0.99754244,0.014761568,0.06852693,0.0,0.012031404,0.92701757,-0.3748287,0.0,-0.06905875,0.37473106,0.92456114,0.0,0.10871007,0.022099355,-0.11561583,1.0
414316069798,590.72217,590.8668,374.16476,203.5194,0.9974178,0.01596627,0.07004617,0.0,0.011634712,0.9262261,-0.3767931,0.0,-0.070894584,0.3766345,0.9236481,0.0,0.10869504,0.021757726,-0.116080806,1.0
414316402997,590.72217,590.8668,374.16476,203.5194,0.99729455,0.017107677,0.07152113,0.0,0.011305198,0.9253392,-0.37897605,0.0,-0.07266469,0.37875837,0.92264134,0.0,0.10859689,0.021394776,-0.11655056,1.0
414316736195,590.72217,590.8668,374.16476,203.5194,0.9971905,0.01818398,0.07269505,0.0,0.010921855,0.9244836,-0.3810688,0.0,-0.07413476,0.38079125,0.9216873,0.0,0.10843822,0.020997224,-0.11704047,1.0
414317069394,590.72217,590.8668,374.16476,203.5194,0.99710894,0.018925263,0.0736187,0.0,0.01075331,0.9236512,-0.3830864,0.0,-0.07524797,0.38276967,0.9207771,0.0,0.108232014,0.020549484,-0.11754162,1.0
414317402592,590.72217,590.8668,374.16476,203.5194,0.99706066,0.019252066,0.07418653,0.0,0.0109360805,0.92230016,-0.3863228,0.0,-0.07585973,0.38599768,0.9193785,0.0,0.10803199,0.019945525,-0.117969096,1.0
414317735790,590.72217,590.8668,374.16476,203.5194,0.9970412,0.019420153,0.07441717,0.0,0.011148786,0.92088187,-0.38968745,0.0,-0.07609729,0.38936317,0.91793865,0.0,0.10785086,0.019356936,-0.11831738,1.0
414318068989,590.72217,590.8668,374.16476,203.5194,0.9970242,0.019674102,0.07457912,0.0,0.011173923,0.9198802,-0.39204496,0.0,-0.07631712,0.39171064,0.9169213,0.0,0.10773119,0.01898942,-0.118552394,1.0
414318402187,590.72217,590.8668,374.16476,203.5194,0.9969632,0.019398948,0.07546914,0.0,0.011842143,0.91955006,-0.39280003,0.0,-0.07701774,0.3924997,0.91652524,0.0,0.10778516,0.018923292,-0.11881398,1.0
414318735385,590.72217,590.8668,374.16476,203.5194,0.9968481,0.019052517,0.077061236,0.0,0.012697421,0.92000335,-0.39171034,0.0,-0.07835978,0.391453,0.9168592,0.0,0.10798609,0.019157939,-0.1190242,1.0
414319068583,590.72217,590.8668,374.16476,203.5194,0.99667764,0.018792903,0.07929441,0.0,0.013692999,0.9205918,-0.39029062,0.0,-0.080332585,0.3900788,0.91727406,0.0,0.10827565,0.019470977,-0.119198166,1.0
414319401782,590.72217,590.8668,374.16476,203.5194,0.99650383,0.019275475,0.08133727,0.0,0.014011323,0.9207684,-0.38986328,0.0,-0.08240776,0.38963905,0.9172767,0.0,0.10855911,0.019601926,-0.119336255,1.0
414319734980,590.72217,590.8668,374.16476,203.5194,0.99639106,0.019776719,0.0825838,0.0,0.014064364,0.9206421,-0.39015865,0.0,-0.083746284,0.38991123,0.91703945,0.0,0.10872762,0.01961843,-0.1194558,1.0
414320068179,590.72217,590.8668,374.16476,203.5194,0.9963546,0.019990057,0.082971804,0.0,0.014022897,0.9206281,-0.39019325,0.0,-0.08418618,0.38993332,0.91698986,0.0,0.10875153,0.019655138,-0.11961511,1.0
414320401377,590.72217,590.8668,374.16476,203.5194,0.9964073,0.020426225,0.08223067,0.0,0.013355769,0.9205122,-0.3904903,0.0,-0.08367073,0.39018482,0.91693044,0.0,0.108654164,0.019670721,-0.1197558,1.0
414320734575,590.72217,590.8668,374.16476,203.5194,0.9964935,0.020740524,0.08110074,0.0,0.012601081,0.92061806,-0.3902653,0.0,-0.08275722,0.3899179,0.91712654,0.0,0.10847966,0.019800482,-0.11986842,1.0
414321067773,590.72217,590.8668,374.16476,203.5194,0.99657583,0.020995712,0.080019504,0.0,0.011837724,0.9211168,-0.3891116,0.0,-0.081877165,0.38872543,0.917712,0.0,0.10828046,0.020049442,-0.11995987,1.0
414321400971,590.72217,590.8668,374.16476,203.5194,0.99664116,0.021417797,0.07908593,0.0,0.010999436,0.9215215,-0.38817686,0.0,-0.08119336,0.38774174,0.9181888,0.0,0.108108595,0.020268675,-0.12003154,1.0
414321734170,590.72217,590.8668,374.16476,203.5194,0.9966695,0.021884259,0.0785977,0.0,0.010312581,0.92183936,-0.38743937,0.0,-0.080933355,0.38695842,0.9185417,0.0,0.10799581,0.020438697,-0.12008195,1.0
414322067368,590.72217,590.8668,374.16476,203.5194,0.9966268,0.022445733,0.07897461,0.0,0.009956135,0.92176694,-0.3876196,0.0,-0.081496716,0.38709736,0.9184341,0.0,0.107567295,0.020527314,-0.11987301,1.0
414322400567,590.72217,590.8668,374.16476,203.5194,0.99656457,0.022688564,0.079680674,0.0,0.010074319,0.92144746,-0.38837352,0.0,-0.08223327,0.38784134,0.9180539,0.0,0.10752084,0.020479787,-0.11975592,1.0
414322733766,590.72217,590.8668,374.16476,203.5194,0.9964619,0.022998456,0.08087005,0.0,0.010235204,0.92152613,-0.38818398,0.0,-0.08345165,0.38763762,0.91803056,0.0,0.10747074,0.020561691,-0.11950175,1.0
414323066963,590.72217,590.8668,374.16476,203.5194,0.99632317,0.023048563,0.08254333,0.0,0.010755033,0.9219166,-0.3872416,0.0,-0.08502349,0.38670495,0.9182796,0.0,0.107423425,0.020755518,-0.11911267,1.0
414323400161,590.72217,590.8668,374.16476,203.5194,0.9961695,0.02327964,0.08432141,0.0,0.011139618,0.92233187,-0.38623962,0.0,-0.086764,0.38569865,0.9185401,0.0,0.10730456,0.020965828,-0.118569106,1.0
414323733360,590.72217,590.8668,374.16476,203.5194,0.99602324,0.02382148,0.08587907,0.0,0.011136367,0.9227971,-0.38512638,0.0,-0.088423215,0.38455048,0.918863,0.0,0.10707529,0.021267042,-0.1179166,1.0
414324066558,590.72217,590.8668,374.16476,203.5194,0.99587977,0.024792284,0.087255515,0.0,0.010523935,0.9238507,-0.38260978,0.0,-0.09009692,0.38195097,0.9197841,0.0,0.1067109,0.021764224,-0.11719453,1.0
414324399756,590.72217,590.8668,374.16476,203.5194,0.99576694,0.02626714,0.08810783,0.0,0.009239657,0.9248792,-0.38015094,0.0,-0.09147464,0.37935513,0.92072195,0.0,0.10623381,0.022265058,-0.11634682,1.0
414324732955,590.72217,590.8668,374.16476,203.5194,0.99566066,0.027849896,0.08881625,0.0,0.007817279,0.92580014,-0.37793362,0.0,-0.09275152,0.3769875,0.92156637,0.0,0.10566123,0.022769134,-0.11535134,1.0
414325066153,590.72217,590.8668,374.16476,203.5194,0.9955526,0.028886002,0.08969818,0.0,0.006896683,0.9269746,-0.3750627,0.0,-0.09398213,0.37401262,0.9226533,0.0,0.105032496,0.023387924,-0.1142301,1.0
414325399352,590.72217,590.8668,374.16476,203.5194,0.99544424,0.029425176,0.09071845,0.0,0.006498608,0.9280762,-0.37233555,0.0,-0.0951497,0.37122822,0.9236573,0.0,0.1044075,0.023943685,-0.1129546,1.0
414325732550,590.72217,590.8668,374.16476,203.5194,0.9952595,0.029203262,0.092796534,0.0,0.0073001906,0.92877233,-0.370581,0.0,-0.09700911,0.36950117,0.9241563,0.0,0.10385467,0.02430369,-0.11155986,1.0
414326065748,590.72217,590.8668,374.16476,203.5194,0.9949597,0.028532417,0.096157394,0.0,0.009155449,0.92884976,-0.3703457,0.0,-0.0998827,0.3693588,0.9239072,0.0,0.10342784,0.024372514,-0.1101227,1.0
414326398946,590.72217,590.8668,374.16476,203.5194,0.9945366,0.02793086,0.10060483,0.0,0.011580802,0.92810106,-0.37214932,0.0,-0.10376595,0.37128076,0.92270803,0.0,0.103139535,0.0240692,-0.108673505,1.0
414326732144,590.72217,590.8668,374.16476,203.5194,0.9940012,0.027325543,0.1059227,0.0,0.014652037,0.9263161,-0.37646428,0.0,-0.10840498,0.3757573,0.92035973,0.0,0.10299361,0.023395363,-0.1071946,1.0
414327065343,590.72217,590.8668,374.16476,203.5194,0.99332327,0.026680872,0.11225535,0.0,0.018238395,0.9243597,-0.3810887,0.0,-0.11393207,0.3805909,0.91770184,0.0,0.10301438,0.022626624,-0.1056837,1.0
414327398541,590.72217,590.8668,374.16476,203.5194,0.99252075,0.026289923,0.11923045,0.0,0.021976028,0.9221279,-0.38626203,0.0,-0.120100595,0.38599297,0.91465455,0.0,0.10319273,0.021761714,-0.10413289,1.0
414327731740,590.72217,590.8668,374.16476,203.5194,0.9916421,0.026119217,0.12636544,0.0,0.025693366,0.9197229,-0.3917281,0.0,-0.12645274,0.3917003,0.9113659,0.0,0.10349655,0.020826392,-0.102580756,1.0
414328064938,590.72217,590.8668,374.16476,203.5194,0.990717,0.026143758,0.13342153,0.0,0.028994374,0.91813713,-0.39520293,0.0,-0.13283134,0.39540216,0.9088566,0.0,0.1037768,0.020186055,-0.10105337,1.0
414328398136,590.72217,590.8668,374.16476,203.5194,0.9898421,0.026376927,0.13971727,0.0,0.031621575,0.9171963,-0.39718089,0.0,-0.1386245,0.39756384,0.9070464,0.0,0.103968605,0.019808907,-0.09953203,1.0
414328731334,590.72217,590.8668,374.16476,203.5194,0.989085,0.02649354,0.14496097,0.0,0.033897296,0.9164239,-0.39877307,0.0,-0.14341043,0.39933333,0.9055236,0.0,0.10398014,0.01948502,-0.09799977,1.0
414329064533,590.72217,590.8668,374.16476,203.5194,0.9885101,0.02637673,0.14885154,0.0,0.036107745,0.914963,-0.40192023,0.0,-0.14679497,0.40267637,0.9034986,0.0,0.1037901,0.018980147,-0.09644031,1.0
414329397731,590.72217,590.8668,374.16476,203.5194,0.9880809,0.025906958,0.1517552,0.0,0.038471147,0.9129149,-0.4063344,0.0,-0.14906633,0.4073289,0.9010378,0.0,0.10344655,0.018253153,-0.09489564,1.0
414329730929,590.72217,590.8668,374.16476,203.5194,0.98778254,0.025571,0.15374091,0.0,0.04050572,0.91043085,-0.41167504,0.0,-0.15049732,0.41287217,0.8982728,0.0,0.10301515,0.017362902,-0.09347792,1.0
414330064128,590.72217,590.8668,374.16476,203.5194,0.98757565,0.026111959,0.15497547,0.0,0.041407228,0.908028,-0.4168593,0.0,-0.15160705,0.4180964,0.8956658,0.0,0.10255583,0.016423024,-0.09222598,1.0
414330397326,590.72217,590.8668,374.16476,203.5194,0.9874301,0.027586557,0.15564603,0.0,0.041127097,0.90590805,-0.42147496,0.0,-0.15262797,0.42257756,0.8933868,0.0,0.10211169,0.015541612,-0.09113929,1.0
414330730524,590.72217,590.8668,374.16476,203.5194,0.9873451,0.029307429,0.15586917,0.0,0.040372852,0.90396065,-0.42570674,0.0,-0.15337592,0.42661172,0.8913392,0.0,0.10173048,0.0147136105,-0.090148196,1.0
414331063723,590.72217,590.8668,374.16476,203.5194,0.9873473,0.030656481,0.15559766,0.0,0.039605528,0.9023853,-0.42910808,0.0,-0.15356389,0.42984053,0.88975394,0.0,0.10140276,0.014062374,-0.0892751,1.0
414331396921,590.72217,590.8668,374.16476,203.5194,0.9874919,0.031224877,0.15455976,0.0,0.03861864,0.90245354,-0.42905393,0.0,-0.15287998,0.42965525,0.8899607,0.0,0.101093695,0.0139777465,-0.08856947,1.0
414331730119,590.72217,590.8668,374.16476,203.5194,0.9878239,0.030974358,0.15247832,0.0,0.037163667,0.9046506,-0.42453215,0.0,-0.1510891,0.42502886,0.8924852,0.0,0.10075065,0.014638329,-0.08802811,1.0
414332063317,590.72217,590.8668,374.16476,203.5194,0.9883547,0.029311834,0.1493364,0.0,0.036118925,0.908061,-0.4172799,0.0,-0.14783773,0.41781354,0.8964282,0.0,0.10033255,0.015784334,-0.08757644,1.0
414332396516,590.72217,590.8668,374.16476,203.5194,0.9890151,0.026943311,0.14535639,0.0,0.03511772,0.9122875,-0.4080441,0.0,-0.14360079,0.4086654,0.9013202,0.0,0.09982146,0.017231734,-0.08721813,1.0
414332729714,590.72217,590.8668,374.16476,203.5194,0.98982155,0.024843443,0.1401471,0.0,0.033490814,0.9163509,-0.39897403,0.0,-0.13833576,0.39960602,0.90619266,0.0,0.09915634,0.018660638,-0.086843185,1.0
414333062912,590.72217,590.8668,374.16476,203.5194,0.99067277,0.022871692,0.13434486,0.0,0.031892486,0.91953033,-0.39172453,0.0,-0.13249344,0.39235488,0.9102251,0.0,0.098415144,0.01980354,-0.08642238,1.0
414333396110,590.72217,590.8668,374.16476,203.5194,0.99149996,0.02071102,0.12847726,0.0,0.030677292,0.9222371,-0.38541228,0.0,-0.12646864,0.3860774,0.9137602,0.0,0.09761675,0.020698259,-0.0861912,1.0
414333729309,590.72217,590.8668,374.16476,203.5194,0.9922407,0.018903881,0.122919634,0.0,0.02947731,0.92446977,-0.380121,0.0,-0.12082106,0.38079453,0.91673654,0.0,0.0968457,0.02146377,-0.08598369,1.0
414334062507,590.72217,590.8668,374.16476,203.5194,0.9928697,0.01829383,0.11782682,0.0,0.027536467,0.92627513,-0.3758475,0.0,-0.11601567,0.37641162,0.91916406,0.0,0.096099004,0.022107303,-0.08586405,1.0
414334395706,590.72217,590.8668,374.16476,203.5194,0.99339545,0.01847127,0.113280535,0.0,0.02526088,0.92758346,-0.37276787,0.0,-0.11196254,0.37316707,0.920988,0.0,0.09541538,0.02260045,-0.08578383,1.0
414334728904,590.72217,590.8668,374.16476,203.5194,0.9937801,0.018809894,0.1097994,0.0,0.023280911,0.9288124,-0.36982587,0.0,-0.10893935,0.37008142,0.9225945,0.0,0.09484568,0.023032524,-0.08577453,1.0
414335062102,590.72217,590.8668,374.16476,203.5194,0.99406207,0.019268243,0.10713518,0.0,0.021573761,0.9298164,-0.3673977,0.0,-0.10669512,0.36752725,0.9238768,0.0,0.09440306,0.023358973,-0.08580814,1.0
414335395300,590.72217,590.8668,374.16476,203.5194,0.9942457,0.019800652,0.105311856,0.0,0.020220466,0.93045974,-0.36584297,0.0,-0.105232194,0.36586717,0.92470264,0.0,0.094058275,0.023512304,-0.08586644,1.0
414335728498,590.72217,590.8668,374.16476,203.5194,0.99435544,0.020388035,0.1041595,0.0,0.019114327,0.9309348,-0.36469093,0.0,-0.104401015,0.36462334,0.9252883,0.0,0.093817204,0.023617376,-0.08592463,1.0
414336061697,590.72217,590.8668,374.16476,203.5194,0.9944113,0.020677807,0.10357167,0.0,0.018515147,0.93133396,-0.36370268,0.0,-0.10398038,0.36358747,0.92574334,0.0,0.09362517,0.023708923,-0.08598499,1.0
414336394895,590.72217,590.8668,374.16476,203.5194,0.9944488,0.02100617,0.10314081,0.0,0.018047608,0.9313481,-0.36368933,0.0,-0.103699654,0.3635317,0.9257963,0.0,0.093415335,0.023637932,-0.086002484,1.0
414336728093,590.72217,590.8668,374.16476,203.5194,0.99447095,0.021317165,0.102867454,0.0,0.017731452,0.93108994,-0.36436534,0.0,-0.10354608,0.3641745,0.92556125,0.0,0.09316787,0.023392431,-0.08599361,1.0
414337061292,590.72217,590.8668,374.16476,203.5194,0.994476,0.021765284,0.10272317,0.0,0.017474312,0.9303392,-0.3662908,0.0,-0.10353976,0.366062,0.92481667,0.0,0.092898145,0.022795185,-0.085874446,1.0
414337394490,590.72217,590.8668,374.16476,203.5194,0.9944727,0.022697128,0.102554165,0.0,0.016983466,0.92878246,-0.37024352,0.0,-0.10365399,0.3699385,0.92326033,0.0,0.092588514,0.021817304,-0.085479,1.0
414337727689,590.72217,590.8668,374.16476,203.5194,0.99442476,0.024168018,0.10267843,0.0,0.016206563,0.9268406,-0.37511113,0.0,-0.10423217,0.37468374,0.92127943,0.0,0.09223959,0.02074705,-0.0845926,1.0
414338060886,590.72217,590.8668,374.16476,203.5194,0.99434996,0.02637888,0.10285972,0.0,0.014852003,0.92458755,-0.38068765,0.0,-0.10514492,0.380064,0.91896886,0.0,0.09189618,0.0198486,-0.08291493,1.0
414338394084,590.72217,590.8668,374.16476,203.5194,0.9942561,0.029309329,0.10297692,0.0,0.012519298,0.9233819,-0.38368574,0.0,-0.106332466,0.38277054,0.917708,0.0,0.09157984,0.01958754,-0.08038808,1.0
414338727283,590.72217,590.8668,374.16476,203.5194,0.9941779,0.032247074,0.10285193,0.0,0.009632215,0.9238069,-0.3827441,0.0,-0.10735766,0.38150606,0.918115,0.0,0.091328874,0.020011207,-0.07700147,1.0
414339060481,590.72217,590.8668,374.16476,203.5194,0.9941436,0.033976633,0.10262413,0.0,0.0075542694,0.92517143,-0.3794812,0.0,-0.107838415,0.37803382,0.91949385,0.0,0.09120795,0.020768479,-0.07283236,1.0
414339393679,590.72217,590.8668,374.16476,203.5194,0.9941787,0.034452133,0.10212615,0.0,0.0064162454,0.9269405,-0.37516043,0.0,-0.107589886,0.37363136,0.9213209,0.0,0.09120862,0.021526769,-0.06803094,1.0
414339726878,590.72217,590.8668,374.16476,203.5194,0.9942768,0.034193452,0.101253405,0.0,0.005912179,0.9283883,-0.3715715,0.0,-0.106707714,0.37004337,0.9228701,0.0,0.0913475,0.02193258,-0.06271734,1.0
414340060076,590.72217,590.8668,374.16476,203.5194,0.9943559,0.03328342,0.10077644,0.0,0.0064130127,0.92897767,-0.37008718,0.0,-0.10593675,0.3686446,0.9235181,0.0,0.09168592,0.021888424,-0.057000145,1.0
414340393275,590.72217,590.8668,374.16476,203.5194,0.99436337,0.031949785,0.10113537,0.0,0.0077140825,0.9292411,-0.36940002,0.0,-0.10578132,0.3680977,0.92375445,0.0,0.09225118,0.021607,-0.05113917,1.0
414340726472,590.72217,590.8668,374.16476,203.5194,0.99425286,0.030321874,0.10271186,0.0,0.009805822,0.9292797,-0.3692534,0.0,-0.106644295,0.36813813,0.923639,0.0,0.09308149,0.021093357,-0.045294188,1.0
414341059671,590.72217,590.8668,374.16476,203.5194,0.9939696,0.028332954,0.105974965,0.0,0.013041874,0.9286989,-0.37061247,0.0,-0.10891934,0.36975908,0.9227257,0.0,0.0941886,0.020165838,-0.03967017,1.0
414341392869,590.72217,590.8668,374.16476,203.5194,0.99352133,0.026417192,0.11056905,0.0,0.01708335,0.9268891,-0.37495294,0.0,-0.11239044,0.37441236,0.92042994,0.0,0.095572606,0.018518277,-0.034402285,1.0
414341726067,590.72217,590.8668,374.16476,203.5194,0.9929195,0.024370901,0.11629696,0.0,0.022369623,0.9229042,-0.38438526,0.0,-0.11669871,0.38426504,0.91582215,0.0,0.09715311,0.015746139,-0.029426005,1.0
414342059266,590.72217,590.8668,374.16476,203.5194,0.99222594,0.022270069,0.122473724,0.0,0.029009027,0.91541547,-0.40146995,0.0,-0.12105495,0.40190154,0.90765023,0.0,0.09883103,0.011815086,-0.02459552,1.0
414342392464,590.72217,590.8668,374.16476,203.5194,0.99143463,0.020558173,0.1290059,0.0,0.035769902,0.90707797,-0.41944644,0.0,-0.12564127,0.4204679,0.89857066,0.0,0.10053765,0.0074438914,-0.020184048,1.0
414342725662,590.72217,590.8668,374.16476,203.5194,0.9906918,0.019650243,0.13472822,0.0,0.041577622,0.8986045,-0.43679094,0.0,-0.1296503,0.43832624,0.8894205,0.0,0.102114744,0.0029415013,-0.01636493,1.0
414343058860,590.72217,590.8668,374.16476,203.5194,0.9901402,0.01980514,0.13870168,0.0,0.045751885,0.88999003,-0.4536839,0.0,-0.13242832,0.455556,0.88030636,0.0,0.10336419,-0.0014805458,-0.0130802365,1.0
414343392059,590.72217,590.8668,374.16476,203.5194,0.98988545,0.020961227,0.14034055,0.0,0.047827534,0.8818718,-0.46906215,0.0,-0.13359427,0.4710295,0.8719473,0.0,0.10414781,-0.0056867907,-0.010345093,1.0
414343725257,590.72217,590.8668,374.16476,203.5194,0.98990786,0.022338675,0.13996947,0.0,0.048651025,0.87396413,-0.48355436,0.0,-0.13313003,0.48548293,0.86405486,0.0,0.10445489,-0.0096225785,-0.008170034,1.0
414344058455,590.72217,590.8668,374.16476,203.5194,0.9901613,0.02394561,0.13789637,0.0,0.04820566,0.86662763,-0.49662626,0.0,-0.13139667,0.49838632,0.85694456,0.0,0.104333706,-0.013025983,-0.0066441763,1.0
414344391654,590.72217,590.8668,374.16476,203.5194,0.99064314,0.025974797,0.13401303,0.0,0.046000935,0.8607891,-0.50688285,0.0,-0.12852299,0.5083041,0.8515379,0.0,0.10381929,-0.015786827,-0.005897975,1.0
414344724852,590.72217,590.8668,374.16476,203.5194,0.9912679,0.02770779,0.12895016,0.0,0.043333374,0.8549964,-0.5168254,0.0,-0.124571756,0.5178997,0.84632754,0.0,0.103003,-0.018354468,-0.0057957866,1.0
414345058051,590.72217,590.8668,374.16476,203.5194,0.99187994,0.029300543,0.12378751,0.0,0.040721644,0.8487711,-0.5271948,0.0,-0.12051417,0.527954,0.84068394,0.0,0.102073476,-0.020778697,-0.0063321386,1.0
414345391248,590.72217,590.8668,374.16476,203.5194,0.9923776,0.030852262,0.119342394,0.0,0.038277265,0.84318316,-0.536266,0.0,-0.11717241,0.53674567,0.8355733,0.0,0.1011542,-0.022894468,-0.007627984,1.0
414345724446,590.72217,590.8668,374.16476,203.5194,0.99273604,0.0324851,0.11588037,0.0,0.036234464,0.83752525,-0.54520005,0.0,-0.11476351,0.5454376,0.8302623,0.0,0.10025556,-0.024981309,-0.00966454,1.0
414346057645,590.72217,590.8668,374.16476,203.5194,0.9929416,0.03374383,0.113742135,0.0,0.03520817,0.83170974,-0.55409825,0.0,-0.11329776,0.55419064,0.82464826,0.0,0.09934132,-0.027297271,-0.01224622,1.0
414346390843,590.72217,590.8668,374.16476,203.5194,0.99306124,0.036210693,0.1119218,0.0,0.03365792,0.8242036,-0.5652961,0.0,-0.11271603,0.5651396,0.81726396,0.0,0.098297484,-0.030076746,-0.01497023,1.0
414346724042,590.72217,590.8668,374.16476,203.5194,0.9932256,0.040185146,0.10907188,0.0,0.030553784,0.8150931,-0.5785278,0.0,-0.11215186,0.57793945,0.80834156,0.0,0.09697515,-0.033150442,-0.017735811,1.0
414347057240,590.72217,590.8668,374.16476,203.5194,0.9934183,0.044875342,0.10542845,0.0,0.026370078,0.80588084,-0.591494,0.0,-0.111506246,0.59038,0.7993912,0.0,0.09542927,-0.03599812,-0.020641651,1.0
414347390439,590.72217,590.8668,374.16476,203.5194,0.99362266,0.04972485,0.10123894,0.0,0.021196276,0.7992696,-0.60060257,0.0,-0.110782,0.59891695,0.79311645,0.0,0.0936802,-0.038122043,-0.023917232,1.0
414347723636,590.72217,590.8668,374.16476,203.5194,0.9938473,0.054532886,0.09643919,0.0,0.015375924,0.79415745,-0.6075208,0.0,-0.10971764,0.6052647,0.7884316,0.0,0.0917439,-0.039683975,-0.027405454,1.0
414348056834,590.72217,590.8668,374.16476,203.5194,0.99408174,0.059225988,0.091115616,0.0,0.009106734,0.7900946,-0.61292154,0.0,-0.10829073,0.6101225,0.78487706,0.0,0.08968042,-0.040853098,-0.031191142,1.0
414348390033,590.72217,590.8668,374.16476,203.5194,0.99424785,0.06394297,0.08596985,0.0,0.0025043031,0.78830314,-0.61528635,0.0,-0.10711341,0.6119609,0.7836065,0.0,0.08756359,-0.041744776,-0.03535779,1.0
414348723231,590.72217,590.8668,374.16476,203.5194,0.9943022,0.06964152,0.08075206,0.0,-0.004825622,0.7858948,-0.6183446,0.0,-0.10652499,0.6144309,0.7817517,0.0,0.08551742,-0.04284753,-0.03946107,1.0
414349056430,591.35474,591.4962,374.16754,203.53108,0.9942721,0.0762553,0.074947745,0.0,-0.012806305,0.7808556,-0.6245842,0.0,-0.10615121,0.62004507,0.77735734,0.0,0.08359626,-0.044312734,-0.043231916,1.0
414349389628,591.98737,592.1254,374.17035,203.54279,0.9941343,0.082654655,0.06980826,0.0,-0.020557823,0.7778041,-0.6281742,0.0,-0.10621858,0.6230532,0.7749393,0.0,0.08189726,-0.04565757,-0.04697674,1.0
414349722826,592.8307,592.96454,374.17413,203.55836,0.99402267,0.08783237,0.06490676,0.0,-0.027219588,0.7748072,-0.6316154,0.0,-0.105766304,0.6260714,0.77256477,0.0,0.080452666,-0.0471106,-0.050338227,1.0
414350056024,592.8307,592.96454,374.17413,203.55836,0.99406767,0.09009259,0.06099929,0.0,-0.030977301,0.77181023,-0.63510185,0.0,-0.10429779,0.6294428,0.7700205,0.0,0.07929517,-0.04851027,-0.05323375,1.0
414350389222,592.8307,592.96454,374.17413,203.55836,0.9942156,0.08997194,0.05872468,0.0,-0.031899862,0.76912576,-0.6383047,0.0,-0.10259609,0.63273746,0.767545,0.0,0.07848835,-0.049667925,-0.055746738,1.0
414350722420,592.8307,592.96454,374.17413,203.55836,0.994343,0.088808134,0.058338344,0.0,-0.030886225,0.7669075,-0.64101774,0.0,-0.10166755,0.63558817,0.7653104,0.0,0.07804364,-0.050575078,-0.057966482,1.0
414351055619,592.8307,592.96454,374.17413,203.55836,0.9943525,0.087931074,0.059495047,0.0,-0.028892422,0.76336163,-0.64532846,0.0,-0.10216063,0.63996345,0.7615893,0.0,0.077986285,-0.0512628,-0.059860602,1.0
414351388817,592.8307,592.96454,374.17413,203.55836,0.9941977,0.08765323,0.06241482,0.0,-0.026597444,0.7622235,-0.64677125,0.0,-0.104265474,0.64135706,0.7601302,0.0,0.078234434,-0.051241424,-0.062090416,1.0
414351722015,592.8307,592.96454,374.17413,203.55836,0.9938461,0.08810504,0.06719825,0.0,-0.023974186,0.7630588,-0.6458876,0.0,-0.108182035,0.6403006,0.7604737,0.0,0.078759834,-0.05068338,-0.06488974,1.0
414352055214,592.8307,592.96454,374.17413,203.55836,0.993404,0.08914169,0.07218118,0.0,-0.02152929,0.7630257,-0.6460127,0.0,-0.11266261,0.6401961,0.75991046,0.0,0.07937074,-0.05025348,-0.0680758,1.0
414352388412,592.8307,592.96454,374.17413,203.55836,0.9929949,0.09024556,0.076316684,0.0,-0.019504337,0.76199746,-0.64728975,0.0,-0.116568,0.6412656,0.75841856,0.0,0.07995403,-0.049990214,-0.071679555,1.0
414352721610,592.8307,592.96454,374.17413,203.55836,0.9926189,0.09128023,0.0798998,0.0,-0.018008333,0.7622251,-0.64706564,0.0,-0.119965844,0.6408488,0.75824076,0.0,0.08049384,-0.049827635,-0.07603624,1.0
414353054808,593.40717,593.5342,374.17157,203.57126,0.9923029,0.09174074,0.08322936,0.0,-0.015961256,0.76101655,-0.6485402,0.0,-0.1228364,0.642218,0.7566209,0.0,0.080969125,-0.050287537,-0.08086198,1.0
414353388007,593.77264,593.894,374.16797,203.58023,0.99207246,0.09271031,0.084882304,0.0,-0.014822734,0.7568593,-0.65341365,0.0,-0.1248219,0.6469738,0.7522316,0.0,0.081345946,-0.05159053,-0.08592169,1.0
414353721205,593.77264,593.894,374.16797,203.58023,0.9918775,0.093860045,0.085890695,0.0,-0.01393226,0.751166,-0.6599694,0.0,-0.12646282,0.6534109,0.74637103,0.0,0.08169657,-0.053724263,-0.091110475,1.0
414354054403,593.77264,593.894,374.16797,203.58023,0.9916935,0.095620096,0.08607751,0.0,-0.013193297,0.7411053,-0.67126274,0.0,-0.1279786,0.6645494,0.7362091,0.0,0.08206886,-0.05704396,-0.09580849,1.0
414354387601,593.77264,593.894,374.16797,203.58023,0.9915296,0.097441845,0.08592346,0.0,-0.011750344,0.72594166,-0.6876597,0.0,-0.12938206,0.6808232,0.7209359,0.0,0.08260864,-0.06130405,-0.09966433,1.0
414354720800,593.77264,593.894,374.16797,203.58023,0.9913021,0.098428555,0.08740853,0.0,-0.008426338,0.71009684,-0.7040568,0.0,-0.1313676,0.69719464,0.70474905,0.0,0.0835046,-0.06594296,-0.1029523,1.0
414355053997,593.77264,593.894,374.16797,203.58023,0.9911419,0.0981666,0.08949348,0.0,-0.0035546059,0.6930684,-0.7208662,0.0,-0.13278991,0.71416086,0.687277,0.0,0.08469482,-0.070813075,-0.10544585,1.0
414355387196,593.77264,593.894,374.16797,203.58023,0.9909795,0.096268944,0.09327642,0.0,0.0032866076,0.6782005,-0.73487324,0.0,-0.13400544,0.7285483,0.6717646,0.0,0.08616191,-0.07495454,-0.10737301,1.0
414355720394,593.77264,593.894,374.16797,203.58023,0.99062455,0.09362941,0.09952526,0.0,0.011435775,0.6689926,-0.74318516,0.0,-0.1361654,0.7373527,0.6616478,0.0,0.087840766,-0.07789893,-0.10904319,1.0
414356053592,593.77264,593.894,374.16797,203.58023,0.9900919,0.09171323,0.10637376,0.0,0.01917509,0.6620155,-0.7492484,0.0,-0.13913676,0.7438621,0.6536956,0.0,0.089590564,-0.0801324,-0.110244766,1.0
414356386791,593.77264,593.894,374.16797,203.58023,0.98952895,0.0909498,0.11210719,0.0,0.024915436,0.6573304,-0.75319344,0.0,-0.142194,0.7480982,0.64818025,0.0,0.09119579,-0.081644155,-0.11115462,1.0
414356719989,594.3208,594.43365,374.1626,203.59363,0.9890156,0.09083528,0.116642825,0.0,0.028801803,0.65548265,-0.754664,0.0,-0.14500721,0.74973196,0.64566517,0.0,0.09257011,-0.082603104,-0.111881725,1.0
414357053187,595.23444,595.3332,374.15366,203.61601,0.9886859,0.091099344,0.11919174,0.0,0.031031437,0.65314084,-0.75660104,0.0,-0.14677496,0.7517381,0.64292276,0.0,0.09367579,-0.08351763,-0.11217884,1.0
414357386386,595.23444,595.3332,374.15366,203.61601,0.98857903,0.0916938,0.119622245,0.0,0.031327575,0.65132546,-0.7581525,0.0,-0.14743097,0.75323915,0.6410129,0.0,0.09447785,-0.08428886,-0.11222136,1.0
414357719583,595.23444,595.3332,374.15366,203.61601,0.9885925,0.09237402,0.11898416,0.0,0.03076293,0.6494406,-0.7597908,0.0,-0.14745808,0.75478196,0.63918924,0.0,0.095137626,-0.08491015,-0.1119376,1.0
414358052782,595.23444,595.3332,374.15366,203.61601,0.9886271,0.09297416,0.11822894,0.0,0.030154409,0.6475822,-0.76139945,0.0,-0.14735352,0.75630367,0.6374123,0.0,0.09574713,-0.08546307,-0.11141989,1.0
414358385980,595.23444,595.3332,374.15366,203.61601,0.9886986,0.09348735,0.117217675,0.0,0.029536927,0.6450347,-0.76358277,0.0,-0.14699487,0.7584142,0.63498276,0.0,0.096330084,-0.08597291,-0.110693365,1.0
414358719178,595.23444,595.3332,374.15366,203.61601,0.9887336,0.09329705,0.11707545,0.0,0.030043444,0.64248127,-0.7657131,0.0,-0.14665766,0.7606022,0.63243866,0.0,0.096947536,-0.0864484,-0.10990933,1.0
414359052377,595.7827,595.87286,374.1483,203.62943,0.98873377,0.09269616,0.11755193,0.0,0.03125683,0.64010227,-0.7676544,0.0,-0.14640397,0.7626786,0.6299918,0.0,0.09759853,-0.08687306,-0.109092884,1.0
414359385575,596.33093,596.41266,374.1429,203.64287,0.9886993,0.09220829,0.11822394,0.0,0.032355696,0.63872427,-0.76875544,0.0,-0.14639825,0.7638918,0.6285217,0.0,0.098227836,-0.08715118,-0.10832661,1.0
414359718773,596.33093,596.41266,374.1429,203.64287,0.9886561,0.09190479,0.118819945,0.0,0.033327628,0.63708353,-0.77007425,0.0,-0.1464718,0.76529753,0.6267925,0.0,0.09879737,-0.08740336,-0.10756059,1.0
414360051971,596.33093,596.41266,374.1429,203.64287,0.9886342,0.09191993,0.11899264,0.0,0.03358777,0.636377,-0.77064747,0.0,-0.14656214,0.7658833,0.6260553,0.0,0.09927682,-0.08764389,-0.10690891,1.0
414360385169,596.33093,596.41266,374.1429,203.64287,0.98867655,0.09193055,0.11862942,0.0,0.033380844,0.6359427,-0.77101487,0.0,-0.14632137,0.7662427,0.62567145,0.0,0.09971048,-0.08787391,-0.10621848,1.0
414360718367,596.33093,596.41266,374.1429,203.64287,0.9887661,0.091269195,0.118391044,0.0,0.033834025,0.63479507,-0.7719403,0.0,-0.14560847,0.76727253,0.62457466,0.0,0.100122,-0.0881145,-0.10538576,1.0
414361051566,596.33093,596.41266,374.1429,203.64287,0.98882866,0.08987255,0.11893829,0.0,0.035092875,0.63509065,-0.771641,0.0,-0.14488606,0.7671925,0.6248405,0.0,0.10056357,-0.08807514,-0.10471387,1.0
414361384764,596.33093,596.41266,374.1429,203.64287,0.9888428,0.08856324,0.11979884,0.0,0.036343683,0.63643175,-0.77047753,0.0,-0.14447986,0.76623344,0.6261107,0.0,0.10098153,-0.087796554,-0.10416316,1.0
414361717962,596.33093,596.41266,374.1429,203.64287,0.98887086,0.08740589,0.120413646,0.0,0.037381455,0.63737833,-0.7696443,0.0,-0.14402054,0.76557887,0.62701654,0.0,0.1014411,-0.087444134,-0.10344472,1.0
414362051160,596.33093,596.41266,374.1429,203.64287,0.9888915,0.08587736,0.121341504,0.0,0.0386679,0.6395632,-0.76776594,0.0,-0.14353941,0.76392806,0.6291368,0.0,0.10189011,-0.086869,-0.10281531,1.0
414362384358,596.33093,596.41266,374.1429,203.64287,0.98899835,0.08352499,0.122113645,0.0,0.040164232,0.6428155,-0.7649686,0.0,-0.14239055,0.76145554,0.632387,0.0,0.10227893,-0.086107105,-0.10231423,1.0
414362717557,596.6964,596.77246,374.13934,203.65181,0.98923415,0.080131754,0.12247724,0.0,0.042106032,0.6456294,-0.7624901,0.0,-0.14017472,0.7594363,0.63530284,0.0,0.10265289,-0.085407935,-0.10166388,1.0
414363050755,596.6964,596.77246,374.13934,203.65181,0.9895565,0.07554925,0.122782305,0.0,0.04480715,0.64832926,-0.7600408,0.0,-0.13702393,0.7576035,0.6381727,0.0,0.103024624,-0.08479604,-0.10094466,1.0
414363383953,596.6964,596.77246,374.13934,203.65181,0.98990774,0.070363894,0.12303372,0.0,0.047979474,0.6504532,-0.75802994,0.0,-0.13336574,0.7562816,0.6405115,0.0,0.10347791,-0.08425317,-0.10012239,1.0
414363717152,596.6964,596.77246,374.13934,203.65181,0.99016345,0.0648753,0.123986796,0.0,0.052032437,0.65181786,-0.7565888,0.0,-0.12990083,0.7555967,0.6420297,0.0,0.10404531,-0.08387761,-0.0994555,1.0
414364050350,596.6964,596.77246,374.13934,203.65181,0.99030495,0.05915971,0.12570499,0.0,0.05701609,0.6520423,-0.7560366,0.0,-0.12669197,0.7558722,0.6423466,0.0,0.10474671,-0.083856285,-0.09867366,1.0
414364383548,596.6964,596.77246,374.13934,203.65181,0.9903545,0.05350007,0.12783359,0.0,0.06251346,0.6508018,-0.75667065,0.0,-0.12367628,0.7573619,0.64117867,0.0,0.10546132,-0.08419022,-0.09779575,1.0
414364716746,596.6964,596.77246,374.13934,203.65181,0.99039716,0.04846167,0.12950179,0.0,0.06737962,0.6487035,-0.7580534,0.0,-0.12074478,0.7594982,0.6392076,0.0,0.10607857,-0.08479681,-0.09685931,1.0
414365049944,596.6964,596.77246,374.13934,203.65181,0.9905412,0.04429375,0.12989216,0.0,0.07088706,0.64531034,-0.7606253,0.0,-0.11751187,0.7626365,0.6360652,0.0,0.10652552,-0.085656025,-0.09578208,1.0
414365383143,596.6964,596.77246,374.13934,203.65181,0.99078065,0.040764056,0.12921774,0.0,0.07321272,0.6414071,-0.76370007,0.0,-0.11401272,0.76611817,0.6325082,0.0,0.106836095,-0.086445495,-0.0946525,1.0
414365716341,596.6964,596.77246,374.13934,203.65181,0.99100864,0.037903115,0.12834112,0.0,0.07463812,0.63947314,-0.76518285,0.0,-0.111073576,0.76788,0.6308928,0.0,0.10708658,-0.0868768,-0.09361248,1.0
414366049539,596.6964,596.77246,374.13934,203.65181,0.9912294,0.03571994,0.12725733,0.0,0.07544069,0.6376731,-0.76660496,0.0,-0.10853173,0.76947963,0.6293842,0.0,0.10729922,-0.08714768,-0.09241827,1.0
414366382737,596.6964,596.77246,374.13934,203.65181,0.9914179,0.033796065,0.12630978,0.0,0.076145425,0.636077,-0.76786005,0.0,-0.10629348,0.77088654,0.6280434,0.0,0.107477754,-0.087256536,-0.09117405,1.0
414366715935,596.6964,596.77246,374.13934,203.65181,0.9915121,0.032092385,0.12601222,0.0,0.07700798,0.635944,-0.7678841,0.0,-0.10478,0.77106893,0.62807345,0.0,0.10763486,-0.0872024,-0.090133764,1.0
414367049134,596.6964,596.77246,374.13934,203.65181,0.9916461,0.031168982,0.12518573,0.0,0.07704255,0.6352573,-0.76844865,0.0,-0.1034769,0.77167255,0.6275484,0.0,0.10769775,-0.08733569,-0.08899707,1.0
414367382332,596.6964,596.77246,374.13934,203.65181,0.9918224,0.03069247,0.123904765,0.0,0.07666533,0.6328758,-0.77044904,0.0,-0.10206348,0.7736459,0.6253459,0.0,0.10764599,-0.08765247,-0.08775376,1.0
414367715530,596.6964,596.77246,374.13934,203.65181,0.9920319,0.030472774,0.12227094,0.0,0.07573918,0.6313007,-0.77183175,0.0,-0.10070961,0.77494085,0.62396103,0.0,0.10753799,-0.08793922,-0.08667058,1.0
414368048728,596.6964,596.77246,374.13934,203.65181,0.9922219,0.030303072,0.120759204,0.0,0.074841894,0.6299565,-0.77301675,0.0,-0.0994979,0.77604043,0.6227874,0.0,0.1074261,-0.08813386,-0.0856875,1.0
414368381927,596.33093,596.41266,374.1429,203.64287,0.9923533,0.030575171,0.11960659,0.0,0.07385048,0.6293547,-0.7736014,0.0,-0.09892807,0.77651745,0.62228334,0.0,0.10729663,-0.088181764,-0.08486091,1.0
414368715125,596.6964,596.77246,374.13934,203.65181,0.99249667,0.031427763,0.11818385,0.0,0.072238594,0.6291188,-0.77394605,0.0,-0.098675095,0.77667475,0.62212706,0.0,0.107141405,-0.08818287,-0.08419788,1.0
414369048323,596.6964,596.77246,374.13934,203.65181,0.9926604,0.03216315,0.11660303,0.0,0.070600845,0.6286891,-0.774446,0.0,-0.09821567,0.77699256,0.62180287,0.0,0.10697023,-0.08828405,-0.08368987,1.0
414369381522,596.6964,596.77246,374.13934,203.65181,0.9928869,0.032672055,0.1145159,0.0,0.0687842,0.627654,-0.77544796,0.0,-0.0972119,0.7778078,0.6209411,0.0,0.10674068,-0.08853352,-0.08324321,1.0
414369714719,596.6964,596.77246,374.13934,203.65181,0.9931202,0.032948233,0.11239452,0.0,0.067195356,0.62570655,-0.7771597,0.0,-0.095932014,0.77936375,0.6191867,0.0,0.10653716,-0.0890212,-0.08275966,1.0
414370047918,596.6964,596.77246,374.13934,203.65181,0.9932908,0.03303074,0.110854596,0.0,0.0663226,0.6225513,-0.7797641,0.0,-0.09476896,0.781883,0.61618257,0.0,0.106440105,-0.08968394,-0.08222349,1.0
414370381116,596.6964,596.77246,374.13934,203.65181,0.99336094,0.032900997,0.11025804,0.0,0.0663905,0.6187569,-0.7827724,0.0,-0.093976915,0.7848944,0.6124639,0.0,0.10650644,-0.0904927,-0.081627354,1.0
414370714314,596.6964,596.77246,374.13934,203.65181,0.9932965,0.032150976,0.11105717,0.0,0.06815353,0.6131064,-0.7870558,0.0,-0.09339453,0.78934705,0.60680413,0.0,0.10670191,-0.09153725,-0.08080838,1.0
414371047512,596.6964,596.77246,374.13934,203.65181,0.99315214,0.030907772,0.112689406,0.0,0.07094641,0.60679513,-0.79168606,0.0,-0.09284873,0.7942584,0.60044616,0.0,0.10698124,-0.09261012,-0.07995673,1.0
414371380711,596.6964,596.77246,374.13934,203.65181,0.993039,0.029757082,0.1139927,0.0,0.073167525,0.6025897,-0.79469055,0.0,-0.092338584,0.7974978,0.5962166,0.0,0.10725339,-0.09342131,-0.07932886,1.0
414371713909,596.6964,596.77246,374.13934,203.65181,0.99297845,0.028884862,0.114738375,0.0,0.07457719,0.60006154,-0.79647017,0.0,-0.09185615,0.79943335,0.593693,0.0,0.107495524,-0.093869746,-0.07892204,1.0
414372047107,596.6964,596.77246,374.13934,203.65181,0.9929709,0.028338132,0.11494267,0.0,0.07506991,0.6000347,-0.7964445,0.0,-0.09153941,0.79947335,0.5936885,0.0,0.10768637,-0.093914844,-0.07878074,1.0
414372380305,596.6964,596.77246,374.13934,203.65181,0.9930255,0.028136611,0.11451851,0.0,0.07480489,0.6004277,-0.7961732,0.0,-0.09116166,0.79918516,0.59413373,0.0,0.10775662,-0.09379998,-0.07867081,1.0
414372713503,596.6964,596.77246,374.13934,203.65181,0.99307793,0.02815813,0.11405439,0.0,0.07431182,0.6013775,-0.7955021,0.0,-0.09098962,0.7984698,0.5951214,0.0,0.1077921,-0.09357743,-0.07864781,1.0
414373046702,596.6964,596.77246,374.13934,203.65181,0.99306685,0.028991442,0.11394354,0.0,0.07358152,0.60263073,-0.7946214,0.0,-0.091703124,0.79749453,0.5963182,0.0,0.10785874,-0.093357,-0.07869186,1.0
414373379900,596.6964,596.77246,374.13934,203.65181,0.9931023,0.03026943,0.113299385,0.0,0.07229611,0.6026764,-0.7947046,0.0,-0.09233818,0.7974127,0.5963301,0.0,0.10786826,-0.093204156,-0.07868646,1.0
414373713098,596.6964,596.77246,374.13934,203.65181,0.9930637,0.03138874,0.11333706,0.0,0.071505845,0.60396194,-0.7937999,0.0,-0.09336771,0.7963962,0.5975271,0.0,0.10792385,-0.0929448,-0.07882908,1.0
414374046296,596.6964,596.77246,374.13934,203.65181,0.99293506,0.03275742,0.114071876,0.0,0.07113228,0.6051367,-0.7929378,0.0,-0.095003754,0.7954486,0.59853053,0.0,0.10806734,-0.09265399,-0.0789747,1.0
414374379494,596.6964,596.77246,374.13934,203.65181,0.9928002,0.03437806,0.11476771,0.0,0.07066856,0.60551184,-0.79269326,0.0,-0.09674453,0.7950945,0.59872186,0.0,0.10822717,-0.09235942,-0.079094455,1.0
414374712692,596.6964,596.77246,374.13934,203.65181,0.992658,0.035993077,0.11549888,0.0,0.070081845,0.6071199,-0.791514,0.0,-0.09861069,0.79379594,0.6001391,0.0,0.10838069,-0.092061505,-0.07931065,1.0
414375045891,596.6964,596.77246,374.13934,203.65181,0.9926238,0.037240222,0.11539667,0.0,0.06916666,0.60777265,-0.79109347,0.0,-0.099595465,0.79323834,0.6007132,0.0,0.10843615,-0.09193163,-0.079381585,1.0
414375379089,596.6964,596.77246,374.13934,203.65181,0.99265766,0.037551854,0.11500207,0.0,0.068611376,0.60819274,-0.79081935,0.0,-0.09964023,0.7929021,0.6011498,0.0,0.108418785,-0.09194063,-0.07942405,1.0
414375712287,596.6964,596.77246,374.13934,203.65181,0.99276656,0.037620593,0.114038914,0.0,0.06777073,0.6084471,-0.7906964,0.0,-0.09913319,0.7927037,0.6014951,0.0,0.10842916,-0.09205376,-0.07934953,1.0
414376045485,596.6964,596.77246,374.13934,203.65181,0.9928956,0.037035815,0.11310379,0.0,0.067526884,0.607254,-0.7916338,0.0,-0.09800163,0.79364514,0.6004378,0.0,0.108537436,-0.09221533,-0.07904398,1.0
414376378683,596.6964,596.77246,374.13934,203.65181,0.9929846,0.03608108,0.11263055,0.0,0.06776361,0.6069422,-0.79185253,0.0,-0.096931174,0.7939279,0.6002382,0.0,0.10889049,-0.09215355,-0.07873512,1.0
414376711881,596.6964,596.77246,374.13934,203.65181,0.99294424,0.034804936,0.11338665,0.0,0.06911193,0.60713893,-0.79158497,0.0,-0.09639266,0.7938341,0.6004486,0.0,0.10948726,-0.09178786,-0.07840355,1.0
414377045080,596.6964,596.77246,374.13934,203.65181,0.9927755,0.0339756,0.11509755,0.0,0.07063084,0.60996175,-0.78927714,0.0,-0.09702128,0.79170334,0.60315496,0.0,0.11024464,-0.090984255,-0.07837783,1.0
414377378278,596.6964,596.77246,374.13934,203.65181,0.99252784,0.03342794,0.117375255,0.0,0.07222903,0.6143423,-0.78572756,0.0,-0.09837393,0.7883327,0.6073361,0.0,0.11105082,-0.09005664,-0.07853608,1.0
414377711476,596.6964,596.77246,374.13934,203.65181,0.99230045,0.03339552,0.11929414,0.0,0.07320686,0.6187667,-0.78215706,0.0,-0.0999358,0.784866,0.6115564,0.0,0.11179125,-0.089204095,-0.07882419,1.0
414378044674,596.6964,596.77246,374.13934,203.65181,0.9921342,0.034279075,0.12041903,0.0,0.072950654,0.62339664,-0.77849644,0.0,-0.10175503,0.7811555,0.615991,0.0,0.112350546,-0.088330865,-0.07924432,1.0
414378377872,596.6964,596.77246,374.13934,203.65181,0.9920981,0.03566483,0.12031562,0.0,0.07150725,0.6272191,-0.7755542,0.0,-0.1031243,0.7780271,0.61971116,0.0,0.1126535,-0.08748809,-0.07968486,1.0
414378711070,596.6964,596.77246,374.13934,203.65181,0.9922122,0.037075534,0.11893627,0.0,0.068992965,0.6313973,-0.77238494,0.0,-0.10373256,0.77457386,0.6239211,0.0,0.1126889,-0.08656074,-0.080275826,1.0
414379044269,596.6964,596.77246,374.13934,203.65181,0.99245316,0.038231328,0.11653669,0.0,0.06579179,0.6359471,-0.76892346,0.0,-0.10350819,0.7707863,0.6286312,0.0,0.11247027,-0.08558081,-0.08091174,1.0
414379377467,596.6964,596.77246,374.13934,203.65181,0.99276733,0.038861435,0.11361371,0.0,0.06262226,0.6397557,-0.7660232,0.0,-0.10245389,0.76759595,0.63269436,0.0,0.11213572,-0.084675714,-0.0814609,1.0
414379710665,596.6964,596.77246,374.13934,203.65181,0.9930564,0.03919824,0.110942885,0.0,0.059729837,0.64442796,-0.76232994,0.0,-0.10137672,0.7636613,0.63761044,0.0,0.11179743,-0.083787255,-0.082153305,1.0
