timestamp,pose 00,pose 01,pose 02,pose 03,pose 10,pose 11,pose 12,pose 13,pose 20,pose 21,pose 22,pose 23,pose 30,pose 31,pose 32,pose 33
414301161229,-0.03381169,-0.84041315,0.54089046,0.0,-0.9961367,-0.015548706,-0.08642861,0.0,0.081045896,-0.54172313,-0.8366407,0.0,0.05573824,0.0022980776,-0.11712019,1.0
414301522244,-0.036336184,-0.8400792,0.54124504,0.0,-0.9957509,-0.015420675,-0.09078464,0.0,0.08461274,-0.5422442,-0.8359492,0.0,0.05672072,0.0021117628,-0.11612923,1.0
414301822294,-0.037902355,-0.8393273,0.5423038,0.0,-0.99536914,-0.01626563,-0.09474176,0.0,0.08834019,-0.54338336,-0.83482397,0.0,0.057689592,0.0017627496,-0.115536705,1.0
414302153111,-0.03869307,-0.83795214,0.5443702,0.0,-0.9949392,-0.018247247,-0.098807245,0.0,0.09272905,-0.5454384,-0.8330054,0.0,0.05875756,0.0011771731,-0.11504738,1.0
414302483397,-0.037643433,-0.8364059,0.54681647,0.0,-0.9945774,-0.021728754,-0.10170387,0.0,0.09694734,-0.5476797,-0.8310524,0.0,0.05964628,0.0005103927,-0.114671044,1.0
414302813681,-0.034378886,-0.8347022,0.5496273,0.0,-0.9943705,-0.026583433,-0.102568835,0.0,0.10022543,-0.55005944,-0.8290894,0.0,0.06028132,-0.00019475818,-0.11431795,1.0
414303142640,-0.029543757,-0.83367044,0.5514717,0.0,-0.9943549,-0.031738162,-0.10124889,0.0,0.10191086,-0.55134976,-0.82802665,0.0,0.060681865,-0.0006844476,-0.11393954,1.0
414303511271,-0.02421379,-0.833948,0.5513117,0.0,-0.99455523,-0.035818458,-0.09786208,0.0,0.10135895,-0.5506795,-0.8285401,0.0,0.06093672,-0.0007148981,-0.11339883,1.0
414303806553,-0.021186113,-0.8353091,0.5493721,0.0,-0.9948352,-0.036945105,-0.0945397,0.0,0.09926659,-0.5485377,-0.8302121,0.0,0.061076835,-0.00033693854,-0.112902634,1.0
414304133280,-0.018639684,-0.83823067,0.54499716,0.0,-0.99524134,-0.03658688,-0.09031099,0.0,0.09564121,-0.54408705,-0.83355975,0.0,0.061218098,0.0005336888,-0.11241285,1.0
414304462269,-0.017155051,-0.84262997,0.5382199,0.0,-0.9956873,-0.03468895,-0.08604437,0.0,0.09117377,-0.5373748,-0.83840084,0.0,0.06141621,0.0018272586,-0.11191217,1.0
414304795648,-0.017337203,-0.848448,0.52899504,0.0,-0.9960951,-0.03115201,-0.082609594,0.0,0.086569086,-0.5283615,-0.84459496,0.0,0.06175463,0.0036009075,-0.11148703,1.0
414305134099,-0.018501282,-0.85634,0.5160808,0.0,-0.9964574,-0.026559591,-0.07979369,0.0,0.08203749,-0.5157289,-0.8528149,0.0,0.06214823,0.00594942,-0.11122259,1.0
414305506804,-0.0198344,-0.8651215,0.50117,0.0,-0.9968686,-0.021265745,-0.07616153,0.0,0.07654673,-0.50111127,-0.8619907,0.0,0.06244798,0.008734432,-0.110873275,1.0
414305786519,-0.020782828,-0.87102485,0.49079937,0.0,-0.9971459,-0.017581105,-0.07342474,0.0,0.0725835,-0.49092448,-0.8681735,0.0,0.06262575,0.010742601,-0.11055566,1.0
414306112489,-0.020822287,-0.87680876,0.48038852,0.0,-0.9974574,-0.014537811,-0.06976847,0.0,0.06815736,-0.48061973,-0.87427664,0.0,0.06269039,0.012824888,-0.11009784,1.0
414306445107,-0.019885898,-0.8812578,0.47221738,0.0,-0.9977766,-0.012557149,-0.06545265,0.0,0.063610375,-0.4724691,-0.8790487,0.0,0.06250408,0.014580065,-0.109554306,1.0
414306774525,-0.01849556,-0.885632,0.46401882,0.0,-0.9980536,-0.011288285,-0.061327964,0.0,0.059552133,-0.46425006,-0.8836993,0.0,0.062141553,0.016119288,-0.10913708,1.0
414307104885,-0.01583767,-0.8896125,0.45644137,0.0,-0.9983174,-0.011397481,-0.05685386,0.0,0.055780202,-0.4565738,-0.88793516,0.0,0.061597303,0.017365042,-0.10874378,1.0
414307436056,-0.013194442,-0.8927798,0.45030013,0.0,-0.99856234,-0.011634231,-0.052325606,0.0,0.05195412,-0.45034313,-0.8913429,0.0,0.06092085,0.018290944,-0.10833231,1.0
414307947231,-0.010573268,-0.89712155,0.4416576,0.0,-0.9988433,-0.0112451315,-0.046753407,0.0,0.046909913,-0.44164103,-0.895965,0.0,0.059942022,0.019534094,-0.107828006,1.0
414308262351,-0.008790255,-0.8999028,0.43600118,0.0,-0.9989661,-0.011542439,-0.043965057,0.0,0.04459694,-0.435937,-0.89887094,0.0,0.059422195,0.020337947,-0.10751821,1.0
414308599862,-0.007394433,-0.902499,0.43062887,0.0,-0.9990584,-0.011744738,-0.04176867,0.0,0.042753726,-0.4305322,-0.90156245,0.0,0.058913127,0.021101829,-0.10716508,1.0
414308882493,-0.0063471794,-0.90403295,0.4274157,0.0,-0.99911475,-0.012042284,-0.040307984,0.0,0.041586816,-0.42729318,-0.90315616,0.0,0.058545485,0.021618329,-0.10681867,1.0
414309213349,-0.005069375,-0.9053794,0.42457342,0.0,-0.9991604,-0.012676477,-0.03896132,0.0,0.040656835,-0.4244144,-0.9045551,0.0,0.058177724,0.022132304,-0.10638596,1.0
414309530589,-0.004195571,-0.90658796,0.42199576,0.0,-0.9991894,-0.0130934715,-0.03806396,0.0,0.040033787,-0.42181343,-0.9057981,0.0,0.05787523,0.022646157,-0.105969265,1.0
414309841270,-0.003944397,-0.90801644,0.41891593,0.0,-0.99920356,-0.01305604,-0.037707314,0.0,0.039708212,-0.41873097,-0.9072418,0.0,0.05764702,0.02324756,-0.10563323,1.0
414310168370,-0.00432086,-0.90947783,0.41573012,0.0,-0.99919534,-0.012652278,-0.03806357,0.0,0.039877877,-0.41556,-0.9086914,0.0,0.05748099,0.023824219,-0.10535148,1.0
414310491455,-0.0046942234,-0.9102917,0.41394097,0.0,-0.9991822,-0.012355566,-0.038501546,0.0,0.04016207,-0.4137832,-0.9094893,0.0,0.05733724,0.024262115,-0.1051406,1.0
414310805965,-0.0049893856,-0.91125906,0.41180333,0.0,-0.99917185,-0.012086511,-0.038851783,0.0,0.040381312,-0.41165614,-0.910444,0.0,0.057172865,0.024704628,-0.10499728,1.0
414311132320,-0.004778862,-0.91218054,0.40976045,0.0,-0.99917614,-0.012157083,-0.03871678,0.0,0.040298223,-0.40960795,-0.9113709,0.0,0.056988284,0.025155108,-0.10489467,1.0
414311513739,-0.0044261217,-0.91326386,0.407345,0.0,-0.9992028,-0.012125254,-0.038040906,0.0,0.039680466,-0.40718856,-0.91248214,0.0,0.056769326,0.025740832,-0.104849,1.0
414311798379,-0.003908634,-0.91388273,0.40595973,0.0,-0.9992417,-0.01215899,-0.036992177,0.0,0.038742527,-0.4057964,-0.9131422,0.0,0.056594715,0.026100092,-0.10485843,1.0
414312116588,-0.0036085844,-0.9143554,0.40489668,0.0,-0.9992889,-0.011900544,-0.035780102,0.0,0.037534192,-0.40473786,-0.9136622,0.0,0.056433126,0.026411125,-0.104888484,1.0
414312447530,-0.003034234,-0.9149049,0.40365753,0.0,-0.9993313,-0.011931658,-0.034556285,0.0,0.036432087,-0.40349257,-0.9142568,0.0,0.05633311,0.026773673,-0.10494267,1.0
414312791491,-0.0020918846,-0.91582423,0.40157405,0.0,-0.99937004,-0.012313247,-0.03328727,0.0,0.035429955,-0.40139067,-0.91522145,0.0,0.05632341,0.027201109,-0.105063885,1.0
414313110142,-0.0015684366,-0.91673636,0.39948946,0.0,-0.9993942,-0.012452006,-0.03249842,0.0,0.034766957,-0.3992984,-0.91616154,0.0,0.056407526,0.027585112,-0.10527329,1.0
414313445339,-0.0013247728,-0.91736543,0.3980436,0.0,-0.9994085,-0.012462854,-0.03204976,0.0,0.034362137,-0.39785063,-0.91680634,0.0,0.05661428,0.027888803,-0.10557478,1.0
414313778739,-0.0014584064,-0.9178373,0.39695388,0.0,-0.99940926,-0.012291551,-0.03209281,0.0,0.034335196,-0.39676622,-0.9172771,0.0,0.056920215,0.028153228,-0.1059429,1.0
414314103344,-0.0022614002,-0.9180984,0.39634675,0.0,-0.9993922,-0.011716127,-0.032840163,0.0,0.034794062,-0.39618,-0.91751385,0.0,0.057287857,0.028352365,-0.10639501,1.0
414314436804,-0.0030161142,-0.91810054,0.39633614,0.0,-0.9993579,-0.011383891,-0.033975422,0.0,0.035704717,-0.3961841,-0.91747665,0.0,0.057664827,0.028398905,-0.10692401,1.0
414314763320,-0.0035774708,-0.9178895,0.39681983,0.0,-0.99931705,-0.011312604,-0.035176754,0.0,0.03677745,-0.39667466,-0.91722214,0.0,0.057983175,0.028321575,-0.10748189,1.0
414315092130,-0.004008293,-0.9173382,0.398089,0.0,-0.9992748,-0.011401534,-0.03633377,0.0,0.037869096,-0.39794588,-0.9166273,0.0,0.058220968,0.028141724,-0.10801873,1.0
414315419491,-0.00425148,-0.91676885,0.39939606,0.0,-0.99922615,-0.011725068,-0.03754905,0.0,0.039106652,-0.39924654,-0.91600966,0.0,0.058390006,0.02787146,-0.10858652,1.0
414315746381,-0.0041480064,-0.91603667,0.4010735,0.0,-0.9991593,-0.012563586,-0.039027542,0.0,0.040789485,-0.40089813,-0.91521454,0.0,0.058478743,0.02751727,-0.10914656,1.0
414316076048,-0.003802061,-0.91518533,0.40301484,0.0,-0.999084,-0.013699055,-0.0405349,0.0,0.042617947,-0.4027999,-0.91429496,0.0,0.05844575,0.027140131,-0.10969454,1.0
414316410779,-0.003525734,-0.9142254,0.40519065,0.0,-0.9990074,-0.014772296,-0.042023525,0.0,0.04440458,-0.4049366,-0.9132658,0.0,0.058330894,0.026740942,-0.11025647,1.0
414316741380,-0.0031836033,-0.9133114,0.40724933,0.0,-0.99894243,-0.015775084,-0.043187052,0.0,0.045867622,-0.40695614,-0.91229534,0.0,0.058159947,0.026314605,-0.11081491,1.0
414317067947,-0.0030527115,-0.9124359,0.40920848,0.0,-0.99889207,-0.01643598,-0.04409942,0.0,0.046963587,-0.40888968,-0.9113748,0.0,0.05794865,0.025860477,-0.11136497,1.0
414317396418,-0.0032497644,-0.9110171,0.4123556,0.0,-0.9988627,-0.016658068,-0.04467486,0.0,0.047568604,-0.41203183,-0.9099269,0.0,0.057746947,0.025283752,-0.11183769,1.0
414317729124,-0.0034736395,-0.90950084,0.41568705,0.0,-0.99885046,-0.016715646,-0.04492064,0.0,0.04780391,-0.41536534,-0.9083972,0.0,0.057564065,0.024721183,-0.11222195,1.0
414318058355,-0.003488779,-0.908427,0.4180289,0.0,-0.99884045,-0.0169065,-0.045076102,0.0,0.04801579,-0.41770145,-0.90731454,0.0,0.05744049,0.024362672,-0.112477526,1.0
414318387892,-0.004158497,-0.90805715,0.41882575,0.0,-0.99880654,-0.01661086,-0.045930833,0.0,0.048664853,-0.4185169,-0.90690446,0.0,0.057483286,0.024307624,-0.11278659,1.0
414318725559,-0.00505507,-0.90851897,0.41781342,0.0,-0.9987375,-0.016296864,-0.047519878,0.0,0.049981713,-0.41752607,-0.9072896,0.0,0.057675183,0.024542604,-0.1130744,1.0
414319058840,-0.006110668,-0.9091556,0.4164121,0.0,-0.99863315,-0.016069889,-0.049739152,0.0,0.05191222,-0.41614676,-0.90781474,0.0,0.057951048,0.024856698,-0.1133523,1.0
414319376982,-0.0065050125,-0.9093719,0.41593271,0.0,-0.99852365,-0.016522765,-0.05174154,0.0,0.053924724,-0.4156553,-0.9079219,0.0,0.05821216,0.0249656,-0.11358484,1.0
414319710976,-0.006598592,-0.9092129,0.41627917,0.0,-0.998447,-0.017038345,-0.053040892,0.0,0.055318177,-0.41598266,-0.9076884,0.0,0.058378786,0.024957776,-0.113769144,1.0
414320044645,-0.0066031218,-0.9092068,0.4162928,0.0,-0.9984184,-0.017249823,-0.053510875,0.0,0.05583337,-0.41598767,-0.9076549,0.0,0.0584096,0.024985842,-0.1139521,1.0
414320369195,-0.005972028,-0.90908754,0.41656196,0.0,-0.9984454,-0.01766336,-0.05286263,0.0,0.05541469,-0.41623014,-0.9075687,0.0,0.058325574,0.024978474,-0.114062056,1.0
414320706580,-0.0051760674,-0.9091441,0.41644943,0.0,-0.9984997,-0.01800251,-0.051711634,0.0,0.05451046,-0.41609234,-0.90768695,0.0,0.05815658,0.025076417,-0.11411743,1.0
414321026560,-0.0044367313,-0.9096545,0.4153422,0.0,-0.9985484,-0.018265605,-0.05067064,0.0,0.053679243,-0.41496408,-0.90825295,0.0,0.05796884,0.025288709,-0.11415025,1.0
414321363623,-0.0035595894,-0.9100881,0.4143995,0.0,-0.99858993,-0.018714666,-0.04967819,0.0,0.052966893,-0.413992,-0.90873814,0.0,0.05779399,0.025484307,-0.11416673,1.0
414321690343,-0.0028505325,-0.9104463,0.41361764,0.0,-0.9986075,-0.019197464,-0.049138874,0.0,0.052678674,-0.41318172,-0.9091238,0.0,0.057686582,0.025649706,-0.11418458,1.0
414322038462,-0.0024393797,-0.91041994,0.41367853,0.0,-0.9985806,-0.019793749,-0.049449816,0.0,0.053208306,-0.41321188,-0.90907943,0.0,0.05724366,0.025716823,-0.11400415,1.0
414322350883,-0.0025485754,-0.9100783,0.4144286,0.0,-0.99854696,-0.01999247,-0.050043702,0.0,0.05382915,-0.41395393,-0.908705,0.0,0.05718738,0.025654282,-0.11394363,1.0
414322685339,-0.0027155876,-0.9100968,0.41438717,0.0,-0.99848276,-0.020324826,-0.05118099,0.0,0.05500193,-0.41389734,-0.90866077,0.0,0.05713062,0.025697554,-0.11376804,1.0
414323018557,-0.0032404661,-0.9104734,0.41355523,0.0,-0.9983972,-0.020422697,-0.052784756,0.0,0.056504965,-0.41306335,-0.90894794,0.0,0.057075202,0.025867347,-0.113473974,1.0
414323338866,-0.003712058,-0.91093147,0.41254136,0.0,-0.9982997,-0.020623803,-0.054521486,0.0,0.058173418,-0.41204226,-0.90930605,0.0,0.056965917,0.026051888,-0.11305804,1.0
414323700784,-0.0038275719,-0.9113993,0.41150525,0.0,-0.998192,-0.021201253,-0.05624132,0.0,0.059982777,-0.41097653,-0.90967035,0.0,0.056723148,0.026314141,-0.11243946,1.0
414324005209,-0.0034015179,-0.9123782,0.40933388,0.0,-0.9980978,-0.02209866,-0.057551175,0.0,0.061554223,-0.40875107,-0.9105674,0.0,0.056395203,0.026686857,-0.111844376,1.0
414324326046,-0.0023076534,-0.9134621,0.40691686,0.0,-0.9980127,-0.02351904,-0.058456764,0.0,0.06296839,-0.40624315,-0.9115925,0.0,0.055947974,0.027085643,-0.11108888,1.0
414324655627,-0.00090777874,-0.91440475,0.4048002,0.0,-0.9979322,-0.025188565,-0.059135973,0.0,0.0642705,-0.4040168,-0.9124911,0.0,0.055382013,0.02746211,-0.1101555,1.0
414324985990,7.343292e-05,-0.9155868,0.40212,0.0,-0.9978485,-0.026429534,-0.0599958,0.0,0.06555927,-0.4012505,-0.9136189,0.0,0.054760292,0.02797022,-0.10910202,1.0
414325316616,0.0006287098,-0.91680884,0.39932543,0.0,-0.9977733,-0.027206182,-0.060892597,0.0,0.066691086,-0.39839804,-0.91478443,0.0,0.054123044,0.028488629,-0.10789795,1.0
414325646811,0.00011229515,-0.9176787,0.3973231,0.0,-0.9976655,-0.027235866,-0.062623605,0.0,0.06828979,-0.39638853,-0.9155395,0.0,0.053535104,0.028885715,-0.10661307,1.0
414325980381,-0.0016063452,-0.9179629,0.39666343,0.0,-0.99748445,-0.02664113,-0.06569162,0.0,0.07086992,-0.39577106,-0.9156109,0.0,0.05306329,0.029060924,-0.10533299,1.0
414326308539,-0.00394392,-0.91743565,0.39786458,0.0,-0.9972218,-0.025987148,-0.069808975,0.0,0.074384615,-0.3970346,-0.91478443,0.0,0.052723765,0.028911626,-0.10412503,1.0
414326635888,-0.006914139,-0.9158324,0.401501,0.0,-0.9968754,-0.025280714,-0.07483345,0.0,0.078685194,-0.40076393,-0.912796,0.0,0.05251956,0.028402515,-0.10296482,1.0
414326967172,-0.010527372,-0.91372794,0.40619048,0.0,-0.99642473,-0.024468422,-0.08086577,0.0,0.08382806,-0.4055895,-0.9102036,0.0,0.052465692,0.027726322,-0.101800874,1.0
414327295953,-0.014328718,-0.91152716,0.41099015,0.0,-0.995867,-0.023857951,-0.08763401,0.0,0.089686185,-0.4105472,-0.907418,0.0,0.052568883,0.026998445,-0.10065764,1.0
414327631021,-0.01832652,-0.9089322,0.41654077,0.0,-0.995216,-0.02340293,-0.09485401,0.0,0.09596416,-0.4162864,-0.904155,0.0,0.052833304,0.026120372,-0.09949878,1.0
414327956326,-0.02188623,-0.9069126,0.42075026,0.0,-0.9945286,-0.023249745,-0.10184592,0.0,0.102147624,-0.42067713,-0.9014417,0.0,0.053100735,0.025422957,-0.09837836,1.0
414328289143,-0.024897933,-0.90578103,0.42301345,0.0,-0.9938252,-0.023339987,-0.10847288,0.0,0.108125925,-0.42310226,-0.89960694,0.0,0.053316012,0.025003403,-0.09721502,1.0
414328617200,-0.027347684,-0.9050071,0.42451674,0.0,-0.99319804,-0.023483872,-0.11404599,0.0,0.11318165,-0.424748,-0.8982091,0.0,0.053376228,0.024705552,-0.09600815,1.0
414328951937,-0.029655933,-0.90372133,0.4270931,0.0,-0.9926884,-0.023388505,-0.11841838,0.0,0.11700626,-0.42748207,-0.89642,0.0,0.053243384,0.024304792,-0.0946941,1.0
414329279185,-0.032031655,-0.9018046,0.43095565,0.0,-0.99231297,-0.022874713,-0.121622294,0.0,0.11953749,-0.43153855,-0.89413965,0.0,0.052951634,0.023726314,-0.09334601,1.0
414329621963,-0.034387946,-0.8991731,0.43624002,0.0,-0.99203473,-0.022215724,-0.12399076,0.0,0.121180475,-0.437029,-0.89124703,0.0,0.052533716,0.022935199,-0.091992825,1.0
414329943507,-0.035742998,-0.89667785,0.4412382,0.0,-0.9918492,-0.022203207,-0.12546708,0.0,0.122300476,-0.4421264,-0.88857555,0.0,0.052094102,0.022080436,-0.09083893,1.0
414330268551,-0.035846233,-0.89434224,0.44594514,0.0,-0.99171954,-0.023229837,-0.12630413,0.0,0.1233183,-0.44678003,-0.8861041,0.0,0.05164531,0.021181118,-0.08980425,1.0
414330601253,-0.03523779,-0.8922157,0.45023265,0.0,-0.99162745,-0.024787188,-0.1267305,0.0,0.12423095,-0.45092875,-0.8838723,0.0,0.05123453,0.020296056,-0.088826574,1.0
414330935007,-0.03444171,-0.8902831,0.45410335,0.0,-0.9915974,-0.02624929,-0.12667084,0.0,0.12469281,-0.45465046,-0.8818983,0.0,0.050880343,0.019498223,-0.08793133,1.0
414331259803,-0.033644915,-0.88949627,0.45570222,0.0,-0.9916547,-0.02706778,-0.12604913,0.0,0.124455065,-0.45614013,-0.8811624,0.0,0.050577834,0.019112121,-0.087151736,1.0
414331590819,-0.032341957,-0.890898,0.45305037,0.0,-0.991861,-0.027242184,-0.124376625,0.0,0.12314898,-0.45338562,-0.88276577,0.0,0.050251693,0.019440364,-0.08644655,1.0
414331918921,-0.030917883,-0.8941168,0.44676536,0.0,-0.9922158,-0.02649045,-0.12168068,0.0,0.12063174,-0.44704974,-0.88633776,0.0,0.04987888,0.02039559,-0.085789,1.0
414332246885,-0.030000448,-0.8981534,0.43865758,0.0,-0.9927021,-0.024509192,-0.11807516,0.0,0.116800785,-0.4389986,-0.89086354,0.0,0.049440727,0.021731809,-0.08515765,1.0
414332583432,-0.028440714,-0.90282404,0.42906797,0.0,-0.9933003,-0.02257061,-0.11333378,0.0,0.112004936,-0.42941678,-0.8961334,0.0,0.048856124,0.023250535,-0.08449449,1.0
414332909189,-0.026641369,-0.90654624,0.42126486,0.0,-0.9939579,-0.020865321,-0.10776065,0.0,0.10647985,-0.4215904,-0.90051293,0.0,0.04817286,0.024508912,-0.08374067,1.0
414333240311,-0.025090694,-0.9096101,0.4147048,0.0,-0.9946167,-0.01900661,-0.10186525,0.0,0.100539744,-0.41502815,-0.90423656,0.0,0.047422662,0.025518164,-0.08313057,1.0
414333570168,-0.023762465,-0.91224813,0.4089483,0.0,-0.9952209,-0.017169118,-0.09612806,0.0,0.09471393,-0.40927815,-0.9074805,0.0,0.046678454,0.02639861,-0.08253338,1.0
414333905933,-0.022100091,-0.91438526,0.4042415,0.0,-0.99574274,-0.016060352,-0.09076595,0.0,0.08948733,-0.40452647,-0.91013765,0.0,0.045933545,0.027113538,-0.08207122,1.0
414334237001,-0.019717336,-0.9160077,0.40067607,0.0,-0.99617475,-0.016124249,-0.08588427,0.0,0.08513121,-0.40083677,-0.9121858,0.0,0.045232862,0.027631994,-0.08169603,1.0
414334563111,-0.01750946,-0.91730857,0.39779204,0.0,-0.99649894,-0.016520381,-0.081958055,0.0,0.081752434,-0.39783436,-0.91380787,0.0,0.044627964,0.028035518,-0.081434876,1.0
414334893260,-0.015644431,-0.91850007,0.39511132,0.0,-0.9967376,-0.016966343,-0.07890661,0.0,0.0791793,-0.39505672,-0.91523814,0.0,0.044139862,0.028372545,-0.08127234,1.0
414335221861,-0.014068365,-0.9194078,0.39305395,0.0,-0.9969004,-0.017534018,-0.07669589,0.0,0.0774066,-0.39291462,-0.91631126,0.0,0.043750897,0.028567225,-0.081194095,1.0
414335579359,-0.012709141,-0.91996163,0.3918023,0.0,-0.99700993,-0.018209815,-0.075097576,0.0,0.07622151,-0.39158523,-0.91697943,0.0,0.043455273,0.028635975,-0.08116396,1.0
414335884447,-0.011926889,-0.9204336,0.39071745,0.0,-0.997058,-0.018642306,-0.07435165,0.0,0.075719535,-0.39045465,-0.91750336,0.0,0.043269485,0.028718436,-0.081181645,1.0
414336346485,-0.011226296,-0.92066294,0.39019722,0.0,-0.9970973,-0.019081116,-0.073708355,0.0,0.075305894,-0.38989207,-0.91777635,0.0,0.042984232,0.02866616,-0.08119304,1.0
414336544048,-0.010987639,-0.92053616,0.39050287,0.0,-0.9971101,-0.019271493,-0.07348482,0.0,0.07517102,-0.39018178,-0.9176642,0.0,0.04284817,0.028564494,-0.08117433,1.0
414336866665,-0.010736823,-0.92013454,0.3914553,0.0,-0.99711704,-0.019556046,-0.07331611,0.0,0.075115964,-0.39111388,-0.91727185,0.0,0.0426082,0.0282066,-0.08112891,1.0
414337199199,-0.010425448,-0.9189338,0.394274,0.0,-0.9971188,-0.02007401,-0.0731523,0.0,0.07513678,-0.39390063,-0.9160769,0.0,0.042315587,0.027430242,-0.08093024,1.0
414337562498,-0.009759665,-0.9168668,0.39907396,0.0,-0.99709904,-0.021204352,-0.07310149,0.0,0.07548645,-0.39862972,-0.91400003,0.0,0.0419441,0.026269838,-0.08032258,1.0
414337861748,-0.008889914,-0.91481507,0.40377483,0.0,-0.99705315,-0.022658825,-0.07328983,0.0,0.07619578,-0.40323657,-0.9119178,0.0,0.04163471,0.025317695,-0.07926002,1.0
414338187865,-0.0072265863,-0.9126408,0.40869862,0.0,-0.99698627,-0.024994254,-0.07344173,0.0,0.07724102,-0.4079976,-0.9097097,0.0,0.041290835,0.024546405,-0.07734089,1.0
414338517879,-0.0046391487,-0.9120634,0.41002283,0.0,-0.9969012,-0.027979732,-0.073518366,0.0,0.07852575,-0.40909335,-0.9091073,0.0,0.040978596,0.024433602,-0.0745304,1.0
414338847211,-0.0019557476,-0.9129341,0.40810242,0.0,-0.9968391,-0.030633569,-0.07330461,0.0,0.079423845,-0.40695578,-0.90998864,0.0,0.040759534,0.024869706,-0.070870146,1.0
414339177808,-0.0003105402,-0.91456324,0.4044431,0.0,-0.99681646,-0.031963706,-0.07304418,0.0,0.07973097,-0.4031782,-0.91164184,0.0,0.04067388,0.025554398,-0.06645681,1.0
414339508892,0.00060999393,-0.9164521,0.40014428,0.0,-0.9968559,-0.03226304,-0.072371826,0.0,0.07923509,-0.39884198,-0.91359043,0.0,0.040718213,0.026167147,-0.061443686,1.0
414339838844,0.0008549094,-0.9176642,0.39735585,0.0,-0.9969286,-0.031899333,-0.07152447,0.0,0.07831083,-0.3960743,-0.9148729,0.0,0.04091941,0.026406515,-0.055955622,1.0
414340166379,5.9247017e-05,-0.9180915,0.39636847,0.0,-0.9969799,-0.030836344,-0.07127571,0.0,0.07766017,-0.39516717,-0.91532063,0.0,0.041328818,0.026302196,-0.050251286,1.0
414340499022,-0.0014349222,-0.9183966,0.3956585,0.0,-0.99697065,-0.029454589,-0.07198545,0.0,0.07776515,-0.39456323,-0.91557217,0.0,0.041982338,0.026030377,-0.044418946,1.0
414341155885,-0.0074318647,-0.91734606,0.39802182,0.0,-0.9966454,-0.02564764,-0.07772043,0.0,0.08150478,-0.39726412,-0.9140781,0.0,0.044047892,0.024555098,-0.033544786,1.0
414341510420,-0.012150526,-0.9147658,0.40380213,0.0,-0.9962713,-0.023422003,-0.08303708,0.0,0.08541727,-0.40330535,-0.91107035,0.0,0.045583174,0.022615697,-0.028375488,1.0
414341816822,-0.017622828,-0.90966,0.41497976,0.0,-0.9958477,-0.021105528,-0.0885548,0.0,0.089313105,-0.4148172,-0.9055109,0.0,0.047072813,0.019909315,-0.024190929,1.0
414342145777,-0.024482727,-0.9013989,0.43229708,0.0,-0.9953164,-0.01847434,-0.09489021,0.0,0.09352031,-0.43259552,-0.8967248,0.0,0.048741937,0.016147114,-0.019945143,1.0
414342812505,-0.036776543,-0.88352215,0.46694317,0.0,-0.99415815,-0.015099525,-0.106870845,0.0,0.10147342,-0.4681458,-0.87780535,0.0,0.05195014,0.0077253636,-0.012852478,1.0
414343141561,-0.040398717,-0.87455523,0.4832405,0.0,-0.9937836,-0.015045881,-0.1103089,0.0,0.103741884,-0.48469275,-0.86851084,0.0,0.05308166,0.0035356358,-0.010045577,1.0
414343467292,-0.042063594,-0.86630833,0.49773523,0.0,-0.99363995,-0.01580894,-0.11148815,0.0,0.104451805,-0.49925923,-0.86013365,0.0,0.053739116,-0.0004184181,-0.007664943,1.0
414343797402,-0.042639494,-0.858115,0.51168406,0.0,-0.9936996,-0.016706586,-0.11082421,0.0,0.10364841,-0.51318574,-0.8519962,0.0,0.05394955,-0.0041685365,-0.005715951,1.0
414344127750,-0.04177034,-0.850784,0.5238531,0.0,-0.9939355,-0.01799786,-0.108482644,0.0,0.10172342,-0.5252075,-0.8448727,0.0,0.05375898,-0.0073553966,-0.0043487204,1.0
414344793087,-0.036484003,-0.83861226,0.5435058,0.0,-0.99484366,-0.021023035,-0.099218726,0.0,0.09463212,-0.54432315,-0.8335211,0.0,0.052327618,-0.0125737265,-0.0034712525,1.0
414345116576,-0.033808827,-0.83241224,0.55312455,0.0,-0.9952904,-0.0222677,-0.09434649,0.0,0.09085193,-0.55370927,-0.82773924,0.0,0.051439807,-0.014860597,-0.003950945,1.0
414345521012,-0.030884504,-0.82534564,0.56378245,0.0,-0.99571455,-0.023786306,-0.089367956,0.0,0.08716977,-0.5641265,-0.821074,0.0,0.05033338,-0.01735881,-0.0056486856,1.0
414345779256,-0.029402852,-0.82068104,0.57063,0.0,-0.99590355,-0.02478528,-0.08696143,0.0,0.085510686,-0.5708492,-0.81659055,0.0,0.049641654,-0.019007115,-0.0072942916,1.0
414346453726,-0.026523113,-0.8060817,0.5912094,0.0,-0.9961328,-0.028242826,-0.08319661,0.0,0.08376071,-0.5911298,-0.80221534,0.0,0.047601983,-0.02431277,-0.012748159,1.0
414346771160,-0.023367643,-0.79689956,0.60365987,0.0,-0.99624777,-0.031770706,-0.0805054,0.0,0.08333337,-0.603276,-0.7931671,0.0,0.046293095,-0.027315095,-0.015380566,1.0
414347108118,-0.018966675,-0.7874402,0.61609924,0.0,-0.9963875,-0.036132097,-0.07685417,0.0,0.08277896,-0.61533123,-0.7839103,0.0,0.044690654,-0.030226013,-0.018312404,1.0
414347427250,-0.01389277,-0.7811694,0.6241644,0.0,-0.99651814,-0.040505767,-0.07287562,0.0,0.08221048,-0.6230036,-0.77788675,0.0,0.04297316,-0.032321587,-0.021367261,1.0
414347762651,-0.0079494715,-0.7758513,0.6308658,0.0,-0.99666363,-0.04510188,-0.06802595,0.0,0.08123118,-0.6293017,-0.77290416,0.0,0.041006207,-0.03401135,-0.02473594,1.0
414348092576,-0.0016391277,-0.77189267,0.63575107,0.0,-0.99679565,-0.049583912,-0.06277132,0.0,0.079975605,-0.63381666,-0.769338,0.0,0.03893213,-0.035330687,-0.028329823,1.0
414348419080,0.0048680305,-0.77025807,0.6377139,0.0,-0.99685705,-0.054165006,-0.0578129,0.0,0.079072595,-0.6354281,-0.768101,0.0,0.036853284,-0.036407076,-0.03220495,1.0
414348751737,0.012282968,-0.76737356,0.64108264,0.0,-0.9968215,-0.059867024,-0.05256194,0.0,0.07871434,-0.63839936,-0.7656698,0.0,0.034809783,-0.037808247,-0.036014955,1.0
414349077593,0.020112991,-0.7622858,0.64692795,0.0,-0.9967028,-0.06616092,-0.046971083,0.0,0.078606755,-0.64385015,-0.76110315,0.0,0.03293468,-0.03950998,-0.039478987,1.0
414349410085,0.02779758,-0.7591527,0.6503191,0.0,-0.9964965,-0.072384596,-0.04190296,0.0,0.07888356,-0.64687574,-0.7585051,0.0,0.031247139,-0.04113972,-0.04298132,1.0
414349736391,0.03424728,-0.7560792,0.6535834,0.0,-0.99631965,-0.07724452,-0.037151963,0.0,0.07857564,-0.6499057,-0.75594187,0.0,0.02984266,-0.042784173,-0.046048395,1.0
414350071621,0.03791541,-0.7529754,0.6569551,0.0,-0.9962967,-0.0792532,-0.033337265,0.0,0.07716808,-0.6532583,-0.7531917,0.0,0.028700918,-0.044258587,-0.048786417,1.0
414350396654,0.03879571,-0.7502756,0.659986,0.0,-0.9963881,-0.07897496,-0.031208545,0.0,0.075537294,-0.6563914,-0.75062966,0.0,0.027935058,-0.045337487,-0.051155925,1.0
414350732401,0.0377509,-0.7479603,0.66266894,0.0,-0.99649847,-0.07768512,-0.030915648,0.0,0.07460326,-0.6591815,-0.74827385,0.0,0.027503759,-0.046159722,-0.05339699,1.0
414351055993,0.03579867,-0.7443853,0.6667902,0.0,-0.99653715,-0.07669592,-0.032118678,0.0,0.075048625,-0.66333133,-0.7445533,0.0,0.02745016,-0.046738274,-0.05534281,1.0
414351719834,0.030729532,-0.74406886,0.66739583,0.0,-0.99624753,-0.07685113,-0.03980905,0.0,0.08091083,-0.6636681,-0.7436383,0.0,0.028185219,-0.046167,-0.06074448,1.0
414352049530,0.028181672,-0.744058,0.6675205,0.0,-0.9959575,-0.077879906,-0.04476157,0.0,0.085291564,-0.6635605,-0.743245,0.0,0.028765395,-0.04579083,-0.06414563,1.0
414352380103,0.026043952,-0.7429703,0.6688178,0.0,-0.9956798,-0.07893121,-0.048909605,0.0,0.08912879,-0.66465443,-0.7418163,0.0,0.029324308,-0.04557335,-0.067929834,1.0
414352711378,0.024467587,-0.74319226,0.66863036,0.0,-0.995413,-0.07998967,-0.052483857,0.0,0.09248909,-0.6642792,-0.74174047,0.0,0.029845014,-0.045458294,-0.07242222,1.0
414353047619,0.02231878,-0.7420082,0.67001903,0.0,-0.9951935,-0.08040738,-0.055896223,0.0,0.09535,-0.6655511,-0.7402363,0.0,0.03031309,-0.045910098,-0.07747217,1.0
414353373930,0.02111882,-0.73786426,0.67461836,0.0,-0.9950315,-0.081176996,-0.057638586,0.0,0.09729305,-0.67004937,-0.73591256,0.0,0.0306772,-0.047163986,-0.082557715,1.0
414353725148,0.020138383,-0.731678,0.6813527,0.0,-0.9948834,-0.082146525,-0.058808982,0.0,0.0990001,-0.6766823,-0.7295886,0.0,0.03103739,-0.04939549,-0.08816526,1.0
414354044746,0.01939243,-0.7217792,0.6918513,0.0,-0.99475384,-0.08344495,-0.059172302,0.0,0.10044098,-0.6870744,-0.7196109,0.0,0.031387568,-0.0525496,-0.09282213,1.0
414354358519,0.018088102,-0.7071777,0.70680463,0.0,-0.9946504,-0.08463538,-0.05922541,0.0,0.101703495,-0.7019521,-0.70492554,0.0,0.031876087,-0.05646985,-0.09667102,1.0
414354688262,0.014897764,-0.6910584,0.7226452,0.0,-0.99451137,-0.08509588,-0.060874104,0.0,0.10356176,-0.71777207,-0.68853307,0.0,0.03272316,-0.060927365,-0.10026461,1.0
414355021238,0.010153651,-0.67375124,0.73888856,0.0,-0.9944266,-0.08435178,-0.06325036,0.0,0.10494155,-0.7341282,-0.67085266,0.0,0.033886373,-0.06562878,-0.10317771,1.0
414355355860,0.0034307837,-0.6578468,0.753144,0.0,-0.9943681,-0.08202386,-0.06711522,0.0,0.1059272,-0.7486721,-0.6544235,0.0,0.035342783,-0.06967681,-0.10552858,1.0
414355682739,-0.0045394897,-0.6482239,0.7614363,0.0,-0.9941702,-0.079102755,-0.07326865,0.0,0.107726276,-0.7573299,-0.64408576,0.0,0.03698197,-0.072451904,-0.10763987,1.0
414356019927,-0.0126059055,-0.64081883,0.7675889,0.0,-0.9938003,-0.076776266,-0.08041677,0.0,0.11046499,-0.76384366,-0.6358782,0.0,0.0387619,-0.07461746,-0.10935752,1.0
414356666604,-0.022578955,-0.63374877,0.77320945,0.0,-0.99299324,-0.075517654,-0.090893745,0.0,0.11599475,-0.769844,-0.6276032,0.0,0.041718856,-0.07703243,-0.11162388,1.0
414356996309,-0.025135756,-0.6315687,0.7749124,0.0,-0.99270356,-0.07567501,-0.0938769,0.0,0.11793125,-0.771618,-0.6250583,0.0,0.042833313,-0.07793195,-0.11212443,1.0
414357327684,-0.025761366,-0.6294541,0.77661085,0.0,-0.9925979,-0.076128006,-0.094628274,0.0,0.11868578,-0.7732998,-0.6228337,0.0,0.04369168,-0.07872623,-0.11225571,1.0
414357658263,-0.025239468,-0.6277038,0.7780428,0.0,-0.9925957,-0.076764464,-0.09413135,0.0,0.11881277,-0.77465785,-0.62111855,0.0,0.044367075,-0.07939779,-0.112075165,1.0
414357987089,-0.024659753,-0.6257397,0.7796421,0.0,-0.9926206,-0.07729578,-0.09343356,0.0,0.1187281,-0.77619284,-0.61921597,0.0,0.04496731,-0.079969786,-0.11158085,1.0
414358323383,-0.023949027,-0.6233444,0.7815807,0.0,-0.9926709,-0.077805996,-0.092470706,0.0,0.11845273,-0.77806693,-0.6169126,0.0,0.04555832,-0.080502555,-0.1108733,1.0
414358646794,-0.024195194,-0.6206397,0.7837228,0.0,-0.99271286,-0.077658415,-0.09214538,0.0,0.11805153,-0.780241,-0.614238,0.0,0.046144232,-0.080942504,-0.11011995,1.0
414358979378,-0.025344133,-0.6182535,0.7855702,0.0,-0.9927178,-0.077010036,-0.09263462,0.0,0.11776829,-0.7821971,-0.6117996,0.0,0.046791002,-0.081341766,-0.1093775,1.0
414359307880,-0.026430845,-0.6166407,0.78680116,0.0,-0.992699,-0.07647121,-0.09328008,0.0,0.11768776,-0.78352207,-0.61011744,0.0,0.04741399,-0.081602536,-0.10867026,1.0
414359647282,-0.027505875,-0.6149811,0.7880621,0.0,-0.9926645,-0.07604587,-0.0939911,0.0,0.11773154,-0.7848665,-0.6083782,0.0,0.048024744,-0.08183195,-0.107933536,1.0
414359967169,-0.027963638,-0.6139802,0.78882617,0.0,-0.99264324,-0.07594347,-0.09429884,0.0,0.11780369,-0.7856598,-0.6073396,0.0,0.048506558,-0.082056835,-0.10731552,1.0
414360310860,-0.027709126,-0.6136958,0.789056,0.0,-0.9926606,-0.076061964,-0.09401724,0.0,0.11771524,-0.7858701,-0.6070839,0.0,0.048940554,-0.08228749,-0.10664161,1.0
414360630106,-0.027963042,-0.612538,0.78994656,0.0,-0.99272907,-0.07554054,-0.0937165,0.0,0.11707786,-0.7868234,-0.60597205,0.0,0.049343646,-0.0824987,-0.10586941,1.0
414360959632,-0.029003382,-0.612342,0.7900609,0.0,-0.992792,-0.07430565,-0.09403667,0.0,0.11628854,-0.7870934,-0.6057731,0.0,0.04977478,-0.08249103,-0.10516896,1.0
414361294371,-0.030357957,-0.61367536,0.7889749,0.0,-0.9928113,-0.072917104,-0.09491661,0.0,0.11577755,-0.78618455,-0.6070504,0.0,0.050236687,-0.0821968,-0.10461544,1.0
414361638875,-0.03141892,-0.61469364,0.7881397,0.0,-0.99283457,-0.07176149,-0.0955483,0.0,0.11529121,-0.78549457,-0.6080344,0.0,0.05069484,-0.08180485,-0.10394077,1.0
414361981316,-0.0326401,-0.61658275,0.78661335,0.0,-0.99285257,-0.07039523,-0.09637657,0.0,0.11479783,-0.7841368,-0.60987806,0.0,0.0511695,-0.0812082,-0.10331249,1.0
414362320832,-0.03411746,-0.6199492,0.7838998,0.0,-0.9929215,-0.06825948,-0.09719801,0.0,0.11376646,-0.7816671,-0.6132319,0.0,0.05160843,-0.08037352,-0.10273418,1.0
414362646667,-0.03582394,-0.6228698,0.78150475,0.0,-0.99309033,-0.06525719,-0.09753406,0.0,0.11174989,-0.77959895,-0.6162281,0.0,0.051994115,-0.079535626,-0.10209333,1.0
414362987098,-0.038325667,-0.62576073,0.7790729,0.0,-0.99334294,-0.060898423,-0.097780794,0.0,0.10863167,-0.77763414,-0.619261,0.0,0.05239752,-0.07869477,-0.10134527,1.0
414363318340,-0.041300893,-0.6280862,0.7770468,0.0,-0.9936199,-0.055867553,-0.09796983,0.0,0.10494527,-0.7761355,-0.6217716,0.0,0.052833125,-0.07789215,-0.100586824,1.0
414363649710,-0.045013547,-0.62966,0.77556574,0.0,-0.99383616,-0.050505996,-0.09868613,0.0,0.10130936,-0.7752274,-0.6235055,0.0,0.053422734,-0.07721083,-0.099857874,1.0
414364002921,-0.05004525,-0.6302742,0.77475774,0.0,-0.9939537,-0.044476867,-0.10038695,0.0,0.09773025,-0.77509737,-0.62423754,0.0,0.054192707,-0.076815404,-0.09912742,1.0
414364343122,-0.05555165,-0.629144,0.7753012,0.0,-0.99397725,-0.03861773,-0.10255769,0.0,0.094463825,-0.7763289,-0.6232096,0.0,0.054970384,-0.0768134,-0.098361954,1.0
414364658821,-0.06025219,-0.6272967,0.77644587,0.0,-0.9939736,-0.03365636,-0.104323864,0.0,0.09157446,-0.77805257,-0.62148845,0.0,0.05561699,-0.0770898,-0.09759259,1.0
414364996929,-0.06392646,-0.624078,0.7787427,0.0,-0.9940435,-0.029199004,-0.10500014,0.0,0.08826676,-0.7808164,-0.61849403,0.0,0.056136295,-0.07768289,-0.09659705,1.0
414365324346,-0.06631529,-0.6199767,0.7818127,0.0,-0.99419504,-0.025476933,-0.104533225,0.0,0.08472633,-0.7842065,-0.6146883,0.0,0.056493446,-0.07829318,-0.095491,1.0
414365661099,-0.067800164,-0.61780113,0.7834058,0.0,-0.9943554,-0.022386074,-0.10371107,0.0,0.08161029,-0.78601545,-0.61279607,0.0,0.056778863,-0.07861611,-0.09442987,1.0
414365992216,-0.068604946,-0.61597884,0.78476983,0.0,-0.99451196,-0.020057559,-0.10268396,0.0,0.07899159,-0.7875075,-0.6112224,0.0,0.057017133,-0.07878163,-0.093230724,1.0
414366344157,-0.06923604,-0.6141969,0.78611004,0.0,-0.99465835,-0.017974854,-0.10164732,0.0,0.07656148,-0.78894836,-0.6096717,0.0,0.057234034,-0.07879797,-0.09189855,1.0
414366664879,-0.0700742,-0.61388516,0.78627914,0.0,-0.9947208,-0.016236305,-0.10132694,0.0,0.07496923,-0.7892285,-0.6095066,0.0,0.057398662,-0.078671806,-0.09085102,1.0
414367016970,-0.070174456,-0.6134069,0.786643,0.0,-0.99481535,-0.015152693,-0.10056105,0.0,0.07360467,-0.7896215,-0.60916317,0.0,0.05749163,-0.07871699,-0.0896429,1.0
414367347526,-0.06980312,-0.6110483,0.7885094,0.0,-0.9949445,-0.014561653,-0.09936285,0.0,0.072197676,-0.79145914,-0.60694253,0.0,0.05745335,-0.0789831,-0.08837216,1.0
414367690881,-0.068841696,-0.6093136,0.78993523,0.0,-0.9951098,-0.014279962,-0.09773719,0.0,0.07083285,-0.79280066,-0.605351,0.0,0.0573512,-0.07926005,-0.087179944,1.0
414368026998,-0.06789458,-0.6078869,0.79111546,0.0,-0.99526215,-0.014044762,-0.096206725,0.0,0.06959385,-0.7938993,-0.60405326,0.0,0.057241037,-0.07944521,-0.08611818,1.0
414368371577,-0.06686878,-0.6072264,0.79171014,0.0,-0.995373,-0.014276862,-0.095020354,0.0,0.06900194,-0.7944007,-0.6034621,0.0,0.05710633,-0.079509065,-0.08520515,1.0
414368730805,-0.06513047,-0.60695386,0.7920637,0.0,-0.9955044,-0.015179634,-0.093491286,0.0,0.068768114,-0.794592,-0.60323656,0.0,0.0569306,-0.079556555,-0.08441909,1.0
414369084146,-0.063364506,-0.6064313,0.79260695,0.0,-0.99565107,-0.015931726,-0.091786504,0.0,0.068289965,-0.79497606,-0.6027844,0.0,0.056737468,-0.07970957,-0.08380886,1.0
414369439053,-0.061388373,-0.60519433,0.79370755,0.0,-0.9958497,-0.016397834,-0.08952567,0.0,0.067195415,-0.79590905,-0.601676,0.0,0.056489214,-0.0800232,-0.08323366,1.0
414370138760,-0.0590719,-0.59926206,0.79837084,0.0,-0.9961502,-0.01650846,-0.086096704,0.0,0.064774185,-0.800383,-0.5959799,0.0,0.05623342,-0.0812871,-0.082035184,1.0
414370827421,-0.061958075,-0.5882606,0.8062943,0.0,-0.9960634,-0.014866114,-0.0873867,0.0,0.06339261,-0.8085346,-0.58502376,0.0,0.056610957,-0.08318201,-0.08065067,1.0
414371192882,-0.06479192,-0.5820647,0.81055725,0.0,-0.99592584,-0.013337016,-0.08918634,0.0,0.062722474,-0.81303334,-0.5788293,0.0,0.056942523,-0.08415736,-0.07997323,1.0
414371537379,-0.06674957,-0.578401,0.81301713,0.0,-0.995832,-0.012139797,-0.09039527,0.0,0.0621545,-0.8156623,-0.57517993,0.0,0.057230666,-0.0847632,-0.079523616,1.0
414371872473,-0.06766629,-0.5770585,0.81389475,0.0,-0.995797,-0.011404157,-0.09087515,0.0,0.06172207,-0.81662315,-0.5738615,0.0,0.05745676,-0.08496695,-0.079291314,1.0
414372207025,-0.06779337,-0.5775424,0.81354105,0.0,-0.99580824,-0.011014581,-0.09080115,0.0,0.06140226,-0.81628644,-0.5743748,0.0,0.05761251,-0.08488545,-0.07918025,1.0
414372908819,-0.066720724,-0.5795072,0.81223154,0.0,-0.99588066,-0.011418343,-0.089952976,0.0,0.06140259,-0.8148873,-0.5763583,0.0,0.057696283,-0.084478326,-0.0790687,1.0
414373243195,-0.065626144,-0.5800104,0.8119614,0.0,-0.99590397,-0.012650013,-0.08952919,0.0,0.062199116,-0.81451094,-0.57680464,0.0,0.057726786,-0.084378086,-0.07904293,1.0
414373591652,-0.06451869,-0.5805751,0.81164646,0.0,-0.99592793,-0.013860464,-0.089081764,0.0,0.06296837,-0.81408876,-0.57731676,0.0,0.05773747,-0.08424161,-0.0790873,1.0
414373939669,-0.064088225,-0.5823091,0.81043756,0.0,-0.99585223,-0.015240073,-0.08970055,0.0,0.064584464,-0.8128247,-0.57891726,0.0,0.057854474,-0.0839929,-0.07929546,1.0
414374293747,-0.06367993,-0.5826216,0.810245,0.0,-0.99575865,-0.016928315,-0.09043273,0.0,0.066404164,-0.81256723,-0.5790725,0.0,0.057995513,-0.08378912,-0.07941676,1.0
414374661303,-0.06317651,-0.58419,0.80915457,0.0,-0.9956485,-0.018760562,-0.0912818,0.0,0.06850594,-0.8114003,-0.5804628,0.0,0.058149606,-0.08352882,-0.0796842,1.0
414375014386,-0.06224692,-0.58509946,0.8085692,0.0,-0.9956207,-0.020213723,-0.091273874,0.0,0.0697484,-0.8107097,-0.5812789,0.0,0.05821204,-0.08344004,-0.079774246,1.0
414375360970,-0.06163764,-0.585489,0.8083336,0.0,-0.99565166,-0.02060461,-0.090845615,0.0,0.06984466,-0.81041825,-0.581673,0.0,0.058190346,-0.08346518,-0.07979108,1.0
414375712867,-0.060750246,-0.58579284,0.80818105,0.0,-0.99574083,-0.02069211,-0.08984676,0.0,0.069354355,-0.8101969,-0.582041,0.0,0.05819936,-0.08358739,-0.07966522,1.0
414376069291,-0.060472965,-0.5845259,0.8091183,0.0,-0.99584,-0.020020604,-0.08889192,0.0,0.068158746,-0.81112796,-0.5808835,0.0,0.058330715,-0.08371349,-0.07930377,1.0
414376411436,-0.06078744,-0.5842492,0.8092944,0.0,-0.9958959,-0.018964529,-0.08849463,0.0,0.06705099,-0.8113525,-0.5806985,0.0,0.058722183,-0.08357249,-0.07896575,1.0
414377117374,-0.06391597,-0.5882921,0.8061185,0.0,-0.9956763,-0.016966581,-0.0913277,0.0,0.06740448,-0.80847037,-0.5846641,0.0,0.0602199,-0.08214387,-0.078758515,1.0
414377802244,-0.06626201,-0.5977024,0.798975,0.0,-0.9953077,-0.016991615,-0.09525612,0.0,0.070510834,-0.8015379,-0.5937718,0.0,0.061755702,-0.08038076,-0.07937908,1.0
414378494724,-0.06385231,-0.6063953,0.7925952,0.0,-0.9952428,-0.019865274,-0.09537679,0.0,0.07358134,-0.7949149,-0.602242,0.0,0.062452823,-0.07878962,-0.0802273,1.0
414378837071,-0.06093383,-0.6110405,0.78925073,0.0,-0.99539626,-0.021408916,-0.09342402,0.0,0.073982805,-0.7913099,-0.60692286,0.0,0.062371984,-0.0778975,-0.08072741,1.0
414379196627,-0.057362556,-0.61567175,0.78591216,0.0,-0.995651,-0.022603989,-0.09037858,0.0,0.073408276,-0.7876785,-0.6116977,0.0,0.062044725,-0.076953694,-0.08116752,1.0
414379543657,-0.054252863,-0.6200034,0.7827209,0.0,-0.9959062,-0.023158073,-0.087373644,0.0,0.07229844,-0.78425705,-0.6162088,0.0,0.061677575,-0.07608776,-0.08158362,1.0
414379909374,-0.05105424,-0.62562466,0.7784518,0.0,-0.99615824,-0.023629665,-0.08432302,0.0,0.07114914,-0.7797662,-0.62201476,0.0,0.06131029,-0.075185366,-0.082167946,1.0
414380606006,-0.048279643,-0.6319476,0.77350557,0.0,-0.996419,-0.02334249,-0.08126417,0.0,0.06941041,-0.7746593,-0.62855744,0.0,0.061009407,-0.073756434,-0.08295487,1.0
414380959007,-0.047641277,-0.634605,0.77136683,0.0,-0.9964494,-0.023474097,-0.08085501,0.0,0.0694181,-0.77248013,-0.63123345,0.0,0.06104517,-0.07297566,-0.08342068,1.0
414381307799,-0.047146797,-0.6392107,0.76758504,0.0,-0.99642766,-0.023804903,-0.081026554,0.0,0.07006541,-0.7686631,-0.6358049,0.0,0.061144516,-0.07207414,-0.084128544,1.0
414381642927,-0.047382116,-0.64182913,0.76538223,0.0,-0.9963707,-0.023874164,-0.08170235,0.0,0.07071191,-0.76647574,-0.63836837,0.0,0.061196744,-0.07138513,-0.084627405,1.0
414382026234,-0.04717338,-0.6433307,0.76413345,0.0,-0.9963628,-0.024039984,-0.08174977,0.0,0.07096198,-0.76521075,-0.6398566,0.0,0.06105034,-0.070808984,-0.0850938,1.0
414382328631,-0.0465883,-0.6449142,0.7628339,0.0,-0.99639064,-0.024247885,-0.08135149,0.0,0.070961714,-0.7638705,-0.64145684,0.0,0.0607806,-0.07036705,-0.08552382,1.0
414383030554,-0.04496813,-0.6458775,0.76211584,0.0,-0.996555,-0.02421546,-0.079322904,0.0,0.06968781,-0.7630571,-0.64256346,0.0,0.059808925,-0.070001654,-0.086392686,1.0
414383377584,-0.04457903,-0.6440456,0.7636869,0.0,-0.9966562,-0.023725986,-0.078187555,0.0,0.06847572,-0.7646189,-0.64083433,0.0,0.059207454,-0.070361905,-0.08667359,1.0
414383718936,-0.043847322,-0.64094,0.7663375,0.0,-0.9967759,-0.023525476,-0.07670829,0.0,0.067193925,-0.7672303,-0.63784194,0.0,0.058601722,-0.071042344,-0.08683871,1.0
