timestamp,pose 00,pose 01,pose 02,pose 03,pose 10,pose 11,pose 12,pose 13,pose 20,pose 21,pose 22,pose 23,pose 30,pose 31,pose 32,pose 33
414301163050,-0.03382647,-0.8404111,0.54089266,0.0,-0.99613506,-0.015544057,-0.08644809,0.0,0.081059635,-0.5417264,-0.83663726,0.0,0.05574116,0.0022973185,-0.117114276,1.0
414301512623,-0.03628087,-0.84009326,0.54122734,0.0,-0.9957626,-0.015404582,-0.0906613,0.0,0.0845013,-0.5422232,-0.8359746,0.0,0.056690693,0.0021195123,-0.11615156,1.0
414301820361,-0.0378927,-0.83933413,0.5422933,0.0,-0.99537146,-0.016258359,-0.094715804,0.0,0.0883151,-0.5433724,-0.83483315,0.0,0.057684124,0.0017650146,-0.11553904,1.0
414302150480,-0.038692117,-0.8379645,0.5443514,0.0,-0.9949425,-0.0182271,-0.09877837,0.0,0.092694715,-0.5454203,-0.83302116,0.0,0.058749735,0.001182016,-0.11504969,1.0
414302480310,-0.037663817,-0.83642054,0.5467925,0.0,-0.99458027,-0.021688104,-0.10168433,0.0,0.09690979,-0.54765886,-0.8310704,0.0,0.059640676,0.00051658694,-0.114672795,1.0
414302810720,-0.034416676,-0.8347183,0.54960084,0.0,-0.9943717,-0.02653706,-0.10257195,0.0,0.100203365,-0.5500376,-0.8291069,0.0,0.060276642,-0.00018884242,-0.11432046,1.0
414303138958,-0.029600263,-0.8336727,0.55146503,0.0,-0.99435383,-0.031686187,-0.101273835,0.0,0.101903036,-0.5513491,-0.8280277,0.0,0.060678706,-0.00068051927,-0.11394424,1.0
414303523793,-0.024065375,-0.83398116,0.5512681,0.0,-0.9945655,-0.035899997,-0.09772803,0.0,0.10129383,-0.550624,-0.8285849,0.0,0.060942978,-0.0007060012,-0.11337745,1.0
414303800551,-0.021238446,-0.8352693,0.54943085,0.0,-0.99482876,-0.036938667,-0.09461121,0.0,0.0993211,-0.54859895,-0.8301654,0.0,0.061073855,-0.000350832,-0.11290852,1.0
414304459865,-0.017160773,-0.842595,0.5382744,0.0,-0.995684,-0.034708023,-0.086073995,0.0,0.09120795,-0.53742826,-0.8383627,0.0,0.061414048,0.001816419,-0.111914165,1.0
414304789920,-0.017322183,-0.8483312,0.5291826,0.0,-0.99608886,-0.031222224,-0.0826579,0.0,0.08664353,-0.52854466,-0.8444724,0.0,0.061749756,0.0035654176,-0.1114884,1.0
414305120745,-0.018447757,-0.85601366,0.5166237,0.0,-0.9964428,-0.026753783,-0.07991113,0.0,0.08222674,-0.5162602,-0.85247505,0.0,0.062134415,0.0058491942,-0.11122489,1.0
414305509383,-0.019843698,-0.865178,0.5010725,0.0,-0.9968716,-0.021230817,-0.07613608,0.0,0.07650933,-0.50101566,-0.86205006,0.0,0.062449902,0.008753194,-0.11087019,1.0
414305794814,-0.020806074,-0.8711932,0.4904994,0.0,-0.9971535,-0.017480135,-0.07334413,0.0,0.07247087,-0.4906292,-0.8683498,0.0,0.062629715,0.010800692,-0.1105454,1.0
414306109867,-0.020826578,-0.8767697,0.48045918,0.0,-0.9974548,-0.0145561695,-0.06979993,0.0,0.068192095,-0.48069003,-0.8742349,0.0,0.062690824,0.012809678,-0.1101021,1.0
414306442897,-0.019891977,-0.8812288,0.47227114,0.0,-0.9977746,-0.012569785,-0.06548096,0.0,0.06364012,-0.47252274,-0.8790176,0.0,0.06250548,0.014569228,-0.10955713,1.0
414307102287,-0.015860796,-0.8895851,0.45649362,0.0,-0.99831516,-0.011393905,-0.05689074,0.0,0.05581051,-0.45662695,-0.8879056,0.0,0.06160234,0.01735685,-0.10874711,1.0
414307429746,-0.013231516,-0.8927241,0.45040917,0.0,-0.9985581,-0.011638761,-0.052402988,0.0,0.052023694,-0.45045316,-0.8912828,0.0,0.060932443,0.018274274,-0.10833909,1.0
414307945286,-0.010583878,-0.8971047,0.4416914,0.0,-0.9988423,-0.011244655,-0.046772644,0.0,0.046926588,-0.44167507,-0.8959472,0.0,0.059945554,0.019529244,-0.10782979,1.0
414308252948,-0.008838654,-0.8998208,0.43616974,0.0,-0.99896324,-0.011532426,-0.044035435,0.0,0.044654176,-0.4361068,-0.89878595,0.0,0.05943753,0.020315256,-0.10752741,1.0
414308596750,-0.007404804,-0.90247947,0.4306697,0.0,-0.9990578,-0.011743665,-0.041785657,0.0,0.04276827,-0.43057323,-0.9015422,0.0,0.058917508,0.021096021,-0.107168645,1.0
414308878118,-0.006365299,-0.90401244,0.42745882,0.0,-0.99911404,-0.012034535,-0.04032907,0.0,0.04160224,-0.42733675,-0.90313494,0.0,0.058551013,0.02161169,-0.106824376,1.0
414309211430,-0.0050758123,-0.90537214,0.42458838,0.0,-0.99915993,-0.012672901,-0.03896825,0.0,0.04066159,-0.42442954,-0.9045472,0.0,0.058179826,0.022129616,-0.10638854,1.0
414309525793,-0.004205823,-0.90656805,0.42203897,0.0,-0.99918926,-0.013089538,-0.0380743,0.0,0.04004121,-0.42185688,-0.90577793,0.0,0.057879478,0.02263841,-0.105975084,1.0
414309837380,-0.003942132,-0.9079975,0.41895676,0.0,-0.9992033,-0.013059616,-0.037706688,0.0,0.03970906,-0.41877168,-0.9072225,0.0,0.05764948,0.023240406,-0.105636746,1.0
414310162828,-0.0043133497,-0.90945715,0.4157753,0.0,-0.9991955,-0.012658358,-0.038054377,0.0,0.03987184,-0.41560495,-0.9086709,0.0,0.057483584,0.023816377,-0.10535542,1.0
414310488179,-0.004690647,-0.9102838,0.41395837,0.0,-0.99918234,-0.012358427,-0.03849764,0.0,0.040159628,-0.41380042,-0.9094815,0.0,0.05733888,0.024258133,-0.105142556,1.0
414310801739,-0.0049880743,-0.91124594,0.41183215,0.0,-0.99917185,-0.012088299,-0.038849488,0.0,0.040379822,-0.41168493,-0.910431,0.0,0.05717519,0.024699034,-0.10499879,1.0
414311123904,-0.0047870874,-0.91215616,0.40981433,0.0,-0.9991757,-0.012155056,-0.038726717,0.0,0.04030618,-0.409662,-0.9113462,0.0,0.05699341,0.025144124,-0.10489602,1.0
414311524776,-0.0044043064,-0.91329026,0.4072855,0.0,-0.9992038,-0.01213181,-0.038009018,0.0,0.03965433,-0.40712863,-0.9125097,0.0,0.056762293,0.025754597,-0.1048494,1.0
414311786234,-0.0039304495,-0.9138588,0.40601337,0.0,-0.99923956,-0.012162089,-0.03704749,0.0,0.03879413,-0.40585017,-0.913116,0.0,0.05660045,0.026079737,-0.1048597,1.0
414312114650,-0.0036109686,-0.91435266,0.40490302,0.0,-0.9992887,-0.011901498,-0.0357873,0.0,0.03754112,-0.4047442,-0.91365933,0.0,0.056433916,0.026409354,-0.10488822,1.0
414312444969,-0.0030417442,-0.91489947,0.40367058,0.0,-0.99933136,-0.011929274,-0.03456691,0.0,0.03644073,-0.40350574,-0.9142513,0.0,0.056332514,0.026769184,-0.10494271,1.0
414312776562,-0.0021231174,-0.91577846,0.40167785,0.0,-0.9993685,-0.012303233,-0.033332646,0.0,0.035467297,-0.40149498,-0.915174,0.0,0.056321576,0.027183248,-0.1050554,1.0
414313106623,-0.0015724897,-0.9167282,0.3995087,0.0,-0.9993941,-0.012451768,-0.032505214,0.0,0.034772977,-0.39931774,-0.9161532,0.0,0.056405813,0.02758165,-0.105270475,1.0
414313442174,-0.0013276339,-0.9173603,0.39805537,0.0,-0.99940836,-0.012461424,-0.03205253,0.0,0.034364104,-0.3978625,-0.916801,0.0,0.056611717,0.027886476,-0.10557152,1.0
414313768860,-0.0014401674,-0.91782707,0.39697805,0.0,-0.9994096,-0.0123074055,-0.03208019,0.0,0.034329772,-0.39678985,-0.91726756,0.0,0.056910038,0.028146636,-0.10593014,1.0
414314095374,-0.0022393465,-0.9180947,0.3963549,0.0,-0.9993927,-0.01172924,-0.032815218,0.0,0.034776405,-0.39618766,-0.91751075,0.0,0.057278454,0.028349902,-0.10638253,1.0
414314424906,-0.0029950142,-0.91810524,0.3963254,0.0,-0.99935925,-0.011387467,-0.033931598,0.0,0.035665914,-0.39617306,-0.91748285,0.0,0.057652444,0.028400717,-0.10690338,1.0
414314756304,-0.0035660267,-0.91789764,0.39680123,0.0,-0.99931794,-0.0113132,-0.035151094,0.0,0.03675422,-0.39665595,-0.9172312,0.0,0.05797723,0.02832516,-0.10746988,1.0
414315085411,-0.004003644,-0.91735077,0.3980601,0.0,-0.9992757,-0.011395454,-0.036311254,0.0,0.037846178,-0.3979171,-0.91664064,0.0,0.058216885,0.02814711,-0.10800718,1.0
414315417380,-0.0042499304,-0.9167726,0.39938688,0.0,-0.99922633,-0.011722207,-0.03754063,0.0,0.03909792,-0.39923745,-0.9160136,0.0,0.0583892,0.027873587,-0.10858271,1.0
414315744423,-0.0041491985,-0.91604125,0.4010628,0.0,-0.9991597,-0.012557507,-0.039018214,0.0,0.040778622,-0.4008876,-0.9152194,0.0,0.05847861,0.027519573,-0.10914307,1.0
414316074191,-0.0038046837,-0.9151912,0.40300262,0.0,-0.99908483,-0.013692856,-0.040526748,0.0,0.04260786,-0.40278792,-0.9143015,0.0,0.0584462,0.027142387,-0.10969136,1.0
414316405098,-0.0035294294,-0.91424125,0.40515497,0.0,-0.9990087,-0.014755845,-0.04199934,0.0,0.044375926,-0.40490156,-0.9132829,0.0,0.058333322,0.026748165,-0.11024636,1.0
414316734821,-0.0031909943,-0.91332877,0.40721077,0.0,-0.9989437,-0.015756488,-0.043167785,0.0,0.04584256,-0.40691835,-0.9123137,0.0,0.058163896,0.026323438,-0.11080356,1.0
414317063674,-0.0030522346,-0.9124499,0.40917674,0.0,-0.99889237,-0.016429782,-0.0440896,0.0,0.046952277,-0.40885812,-0.9113891,0.0,0.057951435,0.025867317,-0.111357994,1.0
414317394358,-0.00324893,-0.91102695,0.4123339,0.0,-0.99886274,-0.016656876,-0.04467295,0.0,0.04756646,-0.41201013,-0.90993667,0.0,0.057748288,0.02528752,-0.11183514,1.0
414317726697,-0.0034747124,-0.90951115,0.41566563,0.0,-0.998851,-0.016714096,-0.0449204,0.0,0.047802955,-0.415344,-0.90840816,0.0,0.057565212,0.024724755,-0.112219535,1.0
414318054596,-0.0034834146,-0.9084347,0.41801223,0.0,-0.99884063,-0.016909122,-0.04507102,0.0,0.048012316,-0.4176846,-0.9073225,0.0,0.057440788,0.02436492,-0.11247382,1.0
414318385056,-0.0041520596,-0.90805745,0.41882524,0.0,-0.9988071,-0.016613126,-0.045920223,0.0,0.048656136,-0.41851622,-0.9069052,0.0,0.057482004,0.024306722,-0.11278397,1.0
414318716558,-0.005027294,-0.9084984,0.41785833,0.0,-0.9987397,-0.016306162,-0.047468066,0.0,0.04993826,-0.41757032,-0.9072714,0.0,0.057668224,0.024533177,-0.11306659,1.0
414319050571,-0.006088257,-0.90914285,0.41644007,0.0,-0.998636,-0.016068578,-0.04967946,0.0,0.051857293,-0.4161745,-0.90780497,0.0,0.057943314,0.02485033,-0.113345735,1.0
414319373158,-0.006502986,-0.9093736,0.4159289,0.0,-0.9985247,-0.016515136,-0.05172147,0.0,0.053903416,-0.4156518,-0.90792453,0.0,0.058209255,0.024965208,-0.113582656,1.0
414319705957,-0.006597042,-0.9092128,0.41627952,0.0,-0.9984479,-0.017033458,-0.05302629,0.0,0.05530283,-0.4159832,-0.90768933,0.0,0.058376715,0.024957163,-0.113766216,1.0
414320037652,-0.0066092014,-0.9092086,0.41628858,0.0,-0.9984183,-0.017243743,-0.05351302,0.0,0.055832863,-0.4159838,-0.90765643,0.0,0.058409587,0.02498535,-0.11394892,1.0
414320696553,-0.0051989555,-0.9091322,0.4164753,0.0,-0.99849826,-0.017994285,-0.05174449,0.0,0.05453676,-0.41611886,-0.90767336,0.0,0.05816132,0.025070127,-0.114115946,1.0
414321031210,-0.0043945312,-0.90962195,0.4154139,0.0,-0.9985298,-0.01845324,-0.050969496,0.0,0.05402869,-0.41502708,-0.9082036,0.0,0.057635456,0.025374193,-0.11397321,1.0
414321353646,-0.003554821,-0.9100349,0.41451636,0.0,-0.99856985,-0.018882036,-0.05001767,0.0,0.053344756,-0.41410136,-0.90866625,0.0,0.057466924,0.025560075,-0.11398942,1.0
414321684633,-0.002830267,-0.91040313,0.41371262,0.0,-0.9985883,-0.019371152,-0.04945889,0.0,0.053041592,-0.41326857,-0.9090631,0.0,0.05735694,0.02572965,-0.11400741,1.0
414322014524,-0.0024472475,-0.91044056,0.41363302,0.0,-0.9985819,-0.019773722,-0.049431056,0.0,0.05318305,-0.41316736,-0.909101,0.0,0.057262927,0.025738101,-0.114005625,1.0
414322346187,-0.0025459528,-0.9100813,0.41442207,0.0,-0.99854773,-0.019988775,-0.05002986,0.0,0.053814977,-0.41394758,-0.9087088,0.0,0.05718787,0.025654204,-0.11394538,1.0
414322677837,-0.0027076006,-0.91009164,0.4143983,0.0,-0.99848425,-0.020320058,-0.051150277,0.0,0.054972053,-0.41390866,-0.9086571,0.0,0.057131797,0.025694212,-0.113773964,1.0
414323004306,-0.0032126904,-0.910452,0.41360247,0.0,-0.9984014,-0.020420313,-0.05270508,0.0,0.05643128,-0.41311058,-0.908931,0.0,0.057077885,0.025857247,-0.113490194,1.0
414323333910,-0.0037070513,-0.9109263,0.4125526,0.0,-0.9983011,-0.0206182,-0.054495886,0.0,0.058147818,-0.4120537,-0.90930223,0.0,0.056968242,0.026048891,-0.11306593,1.0
414323680587,-0.00383389,-0.9113534,0.41160733,0.0,-0.99819845,-0.021159172,-0.056146353,0.0,0.059878394,-0.411081,-0.9096304,0.0,0.056740582,0.026291791,-0.11247839,1.0
414323995089,-0.0034241676,-0.912342,0.40941453,0.0,-0.99810094,-0.022062898,-0.057512954,0.0,0.061504364,-0.40883398,-0.9105339,0.0,0.05640778,0.026672695,-0.111866504,1.0
414324323685,-0.0023171902,-0.91345495,0.40693322,0.0,-0.99801344,-0.023507833,-0.058451533,0.0,0.062958956,-0.40626025,-0.9115858,0.0,0.055951715,0.027082806,-0.11109518,1.0
414324652873,-0.0009191036,-0.91439646,0.4048191,0.0,-0.997933,-0.025174975,-0.059130013,0.0,0.06425953,-0.4040366,-0.9124832,0.0,0.05538702,0.02745837,-0.11016407,1.0
414324984059,6.842613e-05,-0.9155794,0.40213728,0.0,-0.99784917,-0.026423573,-0.059990928,0.0,0.06555237,-0.40126824,-0.9136119,0.0,0.054764092,0.02796689,-0.1091088,1.0
414325314105,0.0006272197,-0.9168006,0.39934492,0.0,-0.9977741,-0.027202845,-0.060883954,0.0,0.06668176,-0.39841783,-0.91477704,0.0,0.054127842,0.028484842,-0.10790771,1.0
414325645077,0.00011831522,-0.91767555,0.39733052,0.0,-0.9976663,-0.027237654,-0.062611,0.0,0.06827894,-0.39639586,-0.9155371,0.0,0.053537786,0.028884025,-0.106619954,1.0
414325975327,-0.0015741587,-0.9179649,0.39665878,0.0,-0.9974877,-0.026651502,-0.065636426,0.0,0.07082346,-0.39576554,-0.91561675,0.0,0.053069457,0.029060286,-0.105352566,1.0
414326306647,-0.0039288998,-0.9174418,0.3978511,0.0,-0.9972238,-0.025991082,-0.06978209,0.0,0.07436149,-0.39702064,-0.9147928,0.0,0.052725285,0.028913535,-0.104132,1.0
414326634354,-0.006898999,-0.9158424,0.4014789,0.0,-0.99687743,-0.02528441,-0.07480796,0.0,0.07866342,-0.40074134,-0.9128082,0.0,0.05252008,0.028405514,-0.102970436,1.0
414326964556,-0.01049757,-0.9137437,0.4061556,0.0,-0.99642867,-0.024474263,-0.08081421,0.0,0.08378379,-0.40555343,-0.9102235,0.0,0.052465245,0.027731538,-0.10181005,1.0
414327294393,-0.01431036,-0.91153854,0.4109653,0.0,-0.9958697,-0.023860455,-0.087601244,0.0,0.08965775,-0.41052157,-0.9074322,0.0,0.05256793,0.027002199,-0.10066316,1.0
414327625554,-0.018263936,-0.908975,0.4164503,0.0,-0.9952271,-0.02340722,-0.09473716,0.0,0.09586164,-0.4161929,-0.904209,0.0,0.05282852,0.026134595,-0.09951786,1.0
414327953361,-0.021855831,-0.9069255,0.4207238,0.0,-0.9945349,-0.023250222,-0.10178298,0.0,0.10209145,-0.42064905,-0.9014609,0.0,0.05309835,0.025427684,-0.09838851,1.0
414328284230,-0.024858236,-0.90579534,0.42298517,0.0,-0.9938352,-0.023337126,-0.10838179,0.0,0.108043045,-0.4230718,-0.89963126,0.0,0.053313643,0.025008116,-0.09723267,1.0
414328613559,-0.027321458,-0.9050161,0.4244995,0.0,-0.99320453,-0.023483992,-0.11399001,0.0,0.11313158,-0.4247291,-0.8982246,0.0,0.05337642,0.024708806,-0.09602186,1.0
414328945420,-0.029610872,-0.90375346,0.42702836,0.0,-0.99269706,-0.023393989,-0.118345186,0.0,0.116944686,-0.427414,-0.8964608,0.0,0.05324757,0.024314288,-0.094720714,1.0
414329276039,-0.03200829,-0.90182567,0.4309127,0.0,-0.99231577,-0.022881031,-0.12159604,0.0,0.11951819,-0.43149364,-0.89416337,0.0,0.052955,0.02373258,-0.09335877,1.0
414329605266,-0.03428936,-0.8993062,0.43597314,0.0,-0.9920459,-0.022238135,-0.12389663,0.0,0.12111625,-0.43675372,-0.8913903,0.0,0.0525558,0.022976175,-0.09205591,1.0
414329936684,-0.035728097,-0.89673054,0.44113252,0.0,-0.9918525,-0.02219212,-0.12544382,0.0,0.12227896,-0.44202024,-0.8886316,0.0,0.05210352,0.022099003,-0.090861835,1.0
414330266196,-0.035848975,-0.89435774,0.44591376,0.0,-0.9917204,-0.023219705,-0.12629966,0.0,0.12331101,-0.44674945,-0.88612044,0.0,0.05164841,0.021187399,-0.08981128,1.0
414330596733,-0.035248876,-0.8922437,0.45017645,0.0,-0.9916282,-0.024765134,-0.12672871,0.0,0.12422159,-0.4508747,-0.8839011,0.0,0.051239744,0.020307563,-0.088839084,1.0
414330927397,-0.0344584,-0.89032036,0.4540289,0.0,-0.9915971,-0.026223302,-0.12667899,0.0,0.124690995,-0.45457888,-0.8819356,0.0,0.05088763,0.019512614,-0.08795051,1.0
414331255829,-0.033658624,-0.88949287,0.45570788,0.0,-0.9916531,-0.027060866,-0.12606345,0.0,0.12446436,-0.4561472,-0.8811575,0.0,0.050581485,0.019112293,-0.08716055,1.0
414331586322,-0.032364726,-0.89086115,0.45312142,0.0,-0.9918572,-0.027243972,-0.12440738,0.0,0.1231745,-0.4534581,-0.88272536,0.0,0.050256267,0.019430054,-0.0864555,1.0
414331915104,-0.030929923,-0.89407533,0.44684714,0.0,-0.9922107,-0.026507497,-0.121717155,0.0,0.120669186,-0.44713128,-0.88629115,0.0,0.04988338,0.020382121,-0.08579643,1.0
414332244867,-0.030062437,-0.89820427,0.43854934,0.0,-0.9927024,-0.024432182,-0.11808927,0.0,0.11678295,-0.43889904,-0.89091516,0.0,0.04943274,0.02168585,-0.08526465,1.0
414332575652,-0.028539658,-0.9028002,0.42911208,0.0,-0.9932885,-0.022522926,-0.11344825,0.0,0.11208601,-0.42946988,-0.89609826,0.0,0.04886067,0.023179777,-0.08461426,1.0
414332904787,-0.026720881,-0.90657777,0.42119235,0.0,-0.9939521,-0.020800233,-0.10782747,0.0,0.10651481,-0.4215262,-0.90053916,0.0,0.048171744,0.024456412,-0.083853416,1.0
414333234274,-0.025115967,-0.90955925,0.41481477,0.0,-0.99460506,-0.019041538,-0.1019724,0.0,0.1006486,-0.41513795,-0.9041741,0.0,0.047436357,0.02550056,-0.08314259,1.0
414333564622,-0.023785114,-0.9122091,0.4090342,0.0,-0.9952114,-0.017196536,-0.096221596,0.0,0.09480815,-0.40936413,-0.90743184,0.0,0.04669121,0.026385587,-0.08254222,1.0
414333894356,-0.022175074,-0.9143172,0.40439105,0.0,-0.9957259,-0.016074419,-0.09094599,0.0,0.08965391,-0.40467948,-0.9100528,0.0,0.045959294,0.027092122,-0.082085714,1.0
414334555583,-0.017556667,-0.9172783,0.39785975,0.0,-0.9964925,-0.01651001,-0.082037374,0.0,0.08181976,-0.39790457,-0.91377103,0.0,0.04464054,0.028027223,-0.08143936,1.0
414334884622,-0.015691519,-0.91847205,0.39517465,0.0,-0.9967325,-0.016951203,-0.078975886,0.0,0.07923579,-0.39512262,-0.915205,0.0,0.044151217,0.028365672,-0.081275135,1.0
414335214648,-0.014098406,-0.91939306,0.39308703,0.0,-0.99689734,-0.0175215,-0.07673629,0.0,0.077438325,-0.39294934,-0.9162934,0.0,0.04375808,0.02856534,-0.081194766,1.0
414335579752,-0.012707472,-0.9199621,0.391801,0.0,-0.99700993,-0.01821065,-0.07509616,0.0,0.0762206,-0.3915838,-0.91698,0.0,0.04345499,0.028636035,-0.08116398,1.0
414335876091,-0.011941433,-0.92042196,0.39074436,0.0,-0.9970571,-0.018635035,-0.074365884,0.0,0.07572943,-0.39048237,-0.9174907,0.0,0.04327479,0.028717116,-0.08118074,1.0
414336340461,-0.01123476,-0.92066604,0.39018977,0.0,-0.99709696,-0.019074678,-0.073716536,0.0,0.07531102,-0.3898852,-0.91777897,0.0,0.04298839,0.028669642,-0.08119271,1.0
414336534679,-0.010997295,-0.92054313,0.3904859,0.0,-0.9971096,-0.019263148,-0.07349357,0.0,0.07517603,-0.3901655,-0.9176705,0.0,0.042855218,0.028571714,-0.081173874,1.0
414337193896,-0.01043272,-0.9189595,0.39421365,0.0,-0.9971187,-0.020061493,-0.07315479,0.0,0.07513484,-0.39384103,-0.9161024,0.0,0.04232061,0.027446141,-0.080934875,1.0
414337555808,-0.009773731,-0.9169083,0.39897817,0.0,-0.99709994,-0.021178484,-0.07309729,0.0,0.075473264,-0.39853555,-0.91404223,0.0,0.041951194,0.026292631,-0.08033898,1.0
414337853811,-0.00891912,-0.9148749,0.40363878,0.0,-0.9970547,-0.022612333,-0.073284194,0.0,0.07617308,-0.4031036,-0.9119787,0.0,0.04164356,0.025342785,-0.07929566,1.0
414338183872,-0.00725317,-0.9126593,0.40865687,0.0,-0.9969872,-0.02496028,-0.07343973,0.0,0.077225655,-0.4079584,-0.9097285,0.0,0.041295066,0.024552386,-0.07736945,1.0
414338514776,-0.004666686,-0.91206056,0.410029,0.0,-0.99690205,-0.027951002,-0.07351978,0.0,0.07851522,-0.40910184,-0.9091046,0.0,0.040981248,0.024431728,-0.074561,1.0
414338845312,-0.001968503,-0.91292614,0.4081204,0.0,-0.99683934,-0.030622005,-0.07330604,0.0,0.07942043,-0.40697473,-0.90998054,0.0,0.040760413,0.024866367,-0.07089362,1.0
414339175212,-0.00031983852,-0.91454834,0.40447628,0.0,-0.9968162,-0.031957865,-0.07304767,0.0,0.07973188,-0.40321192,-0.91162634,0.0,0.040673926,0.025549117,-0.06649411,1.0
414339511223,0.0006145835,-0.9164639,0.40011734,0.0,-0.9968564,-0.032262564,-0.0723653,0.0,0.07922895,-0.39881498,-0.9136027,0.0,0.040719092,0.026169986,-0.061406292,1.0
414339836610,0.0008571148,-0.91765964,0.39736646,0.0,-0.9969282,-0.03190446,-0.07152836,0.0,0.07831645,-0.3960845,-0.9148681,0.0,0.040917218,0.026406677,-0.05599405,1.0
414340496541,-0.00142169,-0.91839457,0.3956629,0.0,-0.9969709,-0.029465437,-0.07197678,0.0,0.077761516,-0.39456677,-0.91557074,0.0,0.041976646,0.026033407,-0.0444622,1.0
414341152852,-0.007395625,-0.9173605,0.39798927,0.0,-0.996648,-0.025666714,-0.07768077,0.0,0.08147624,-0.39722964,-0.91409564,0.0,0.044035867,0.024567239,-0.033591274,1.0
414341814582,-0.017578483,-0.909711,0.4148696,0.0,-0.9958509,-0.02112341,-0.08851381,0.0,0.08928545,-0.4147042,-0.90556526,0.0,0.047061607,0.019933108,-0.024220938,1.0
414342143609,-0.024435997,-0.90145487,0.43218255,0.0,-0.99532014,-0.018491149,-0.09484579,0.0,0.093490764,-0.4324777,-0.8967843,0.0,0.048730776,0.016173553,-0.019971209,1.0
414342475508,-0.031080365,-0.8925271,0.44992197,0.0,-0.9947196,-0.016430378,-0.10130745,0.0,0.09781192,-0.4506948,-0.8873036,0.0,0.050416782,0.0120380465,-0.016158875,1.0
414343139534,-0.04038346,-0.8746081,0.48314613,0.0,-0.9937852,-0.015042663,-0.11029503,0.0,0.1037326,-0.48459747,-0.8685651,0.0,0.053076267,0.0035612038,-0.0100611225,1.0
414343464647,-0.04205525,-0.86637443,0.49762106,0.0,-0.99364024,-0.015802026,-0.1114869,0.0,0.10445283,-0.4991449,-0.8601999,0.0,0.053735897,-0.00038694777,-0.00768172,1.0
414343795286,-0.042639017,-0.8581667,0.5115975,0.0,-0.99369884,-0.016700506,-0.11083323,0.0,0.10365729,-0.5130996,-0.8520472,0.0,0.053949416,-0.0041456055,-0.0057265228,1.0
414344127102,-0.041773558,-0.8507968,0.5238319,0.0,-0.99393487,-0.017994642,-0.10848886,0.0,0.1017281,-0.5251867,-0.8448849,0.0,0.05375974,-0.0073496588,-0.0043506925,1.0
414345114589,-0.033825994,-0.83244747,0.5530706,0.0,-0.99528784,-0.022259355,-0.09437558,0.0,0.09087372,-0.5536568,-0.8277719,0.0,0.051445454,-0.014847498,-0.0039452724,1.0
414345517734,-0.030906558,-0.8254024,0.5636984,0.0,-0.9957119,-0.023772359,-0.08940196,0.0,0.08719303,-0.5640443,-0.82112825,0.0,0.050342306,-0.017338544,-0.0056294985,1.0
414345775724,-0.029417992,-0.8207459,0.57053566,0.0,-0.99590117,-0.02477479,-0.08699025,0.0,0.08553173,-0.57075614,-0.816653,0.0,0.04965137,-0.018984156,-0.0072684227,1.0
414346444280,-0.02660036,-0.8063412,0.5908524,0.0,-0.9961294,-0.028154492,-0.08326855,0.0,0.083777994,-0.5907804,-0.80247116,0.0,0.047637284,-0.024224708,-0.012669443,1.0
414346766053,-0.023426414,-0.79705,0.60345846,0.0,-0.9962455,-0.031707764,-0.08055484,0.0,0.083340764,-0.60308003,-0.7933147,0.0,0.046315774,-0.027267251,-0.015337315,1.0
414347096608,-0.01913464,-0.78771156,0.6157469,0.0,-0.9963828,-0.03597665,-0.07698724,0.0,0.082796276,-0.61499274,-0.78417385,0.0,0.044749156,-0.030138308,-0.01820608,1.0
414347434667,-0.013767362,-0.7810492,0.6243177,0.0,-0.9965212,-0.04060805,-0.07277754,0.0,0.08219516,-0.6231477,-0.777773,0.0,0.04293081,-0.03236259,-0.021441113,1.0
414347758808,-0.008019447,-0.7759093,0.63079333,0.0,-0.9966618,-0.04504955,-0.0680846,0.0,0.08124453,-0.6292337,-0.7729578,0.0,0.04102984,-0.03399449,-0.024696292,1.0
414348094664,-0.0015970469,-0.771875,0.6357722,0.0,-0.99679613,-0.04961264,-0.062737405,0.0,0.07996783,-0.6338355,-0.7693229,0.0,0.03891878,-0.035337877,-0.028353665,1.0
414348413869,0.0047627687,-0.7702712,0.6376984,0.0,-0.9968567,-0.054087758,-0.057887435,0.0,0.07908079,-0.6354183,-0.76810753,0.0,0.03688647,-0.036388338,-0.03213901,1.0
414348744212,0.012108624,-0.7674865,0.6409509,0.0,-0.9968234,-0.059728026,-0.052687615,0.0,0.078719705,-0.6382767,-0.7657716,0.0,0.034855127,-0.037770245,-0.035934277,1.0
414349406847,0.027727485,-0.75918347,0.6502861,0.0,-0.9964984,-0.07232833,-0.041950434,0.0,0.07888207,-0.6468458,-0.7585306,0.0,0.031262085,-0.041123413,-0.04294956,1.0
414349733430,0.03419888,-0.7561088,0.6535514,0.0,-0.99632055,-0.07721126,-0.03719279,0.0,0.07858348,-0.6498749,-0.75596726,0.0,0.029853985,-0.042769667,-0.046023194,1.0
414350064654,0.037873864,-0.75303334,0.6568916,0.0,-0.99629575,-0.07924318,-0.03339833,0.0,0.07720423,-0.6531933,-0.7532451,0.0,0.028720275,-0.04423094,-0.048734847,1.0
414350394283,0.038795173,-0.75029314,0.659966,0.0,-0.99638724,-0.078980684,-0.031219125,0.0,0.07554799,-0.6563705,-0.7506466,0.0,0.027939126,-0.045330595,-0.051139973,1.0
414350725098,0.037792385,-0.748023,0.6625959,0.0,-0.9964965,-0.07771683,-0.030899853,0.0,0.07460874,-0.65910673,-0.7483393,0.0,0.02750796,-0.046143033,-0.053353667,1.0
414351054117,0.03581047,-0.74440247,0.66677046,0.0,-0.99653727,-0.07669926,-0.03210771,0.0,0.0750418,-0.6633117,-0.74457145,0.0,0.027449384,-0.04673628,-0.055331714,1.0
414351383892,0.033486605,-0.7432051,0.6682253,0.0,-0.9964653,-0.07636762,-0.035000622,0.0,0.077043325,-0.6646912,-0.74313545,0.0,0.027679488,-0.046695463,-0.057694692,1.0
414351714449,0.030770779,-0.74405384,0.6674106,0.0,-0.9962522,-0.07683396,-0.039725542,0.0,0.080837816,-0.6636869,-0.74362946,0.0,0.02817531,-0.046174794,-0.06069227,1.0
414352044609,0.028217971,-0.7440774,0.6674974,0.0,-0.9959617,-0.077864766,-0.044693977,0.0,0.08523023,-0.6635406,-0.7432699,0.0,0.028758109,-0.045795575,-0.06408844,1.0
414352374290,0.026074052,-0.7429764,0.6688097,0.0,-0.9956846,-0.07891011,-0.048842877,0.0,0.08906484,-0.66464996,-0.7418277,0.0,0.029314533,-0.045577154,-0.06785854,1.0
414352715617,0.024444401,-0.7431947,0.6686288,0.0,-0.9954102,-0.07999849,-0.052528203,0.0,0.09252781,-0.66427577,-0.7417393,0.0,0.029851317,-0.045458965,-0.072483055,1.0
414353038545,0.022371113,-0.742077,0.6699414,0.0,-0.9951991,-0.080394745,-0.055818588,0.0,0.09528136,-0.6654763,-0.7403128,0.0,0.03030099,-0.045887493,-0.0773335,1.0
414353362982,0.021143794,-0.73803055,0.674436,0.0,-0.99503636,-0.08114529,-0.05760196,0.0,0.097239345,-0.6698704,-0.73608303,0.0,0.03066723,-0.04711294,-0.08238075,1.0
414353695952,0.02021724,-0.7323059,0.6806757,0.0,-0.994897,-0.08204734,-0.058720678,0.0,0.09884912,-0.676015,-0.7302277,0.0,0.031007528,-0.04916369,-0.08770494,1.0
414354049366,0.019379497,-0.7215942,0.6920451,0.0,-0.9947524,-0.08346498,-0.059172243,0.0,0.100459784,-0.6872668,-0.7194251,0.0,0.031392798,-0.052602816,-0.09288396,1.0
414354354347,0.018116593,-0.7073816,0.70659983,0.0,-0.99465203,-0.08462417,-0.059215575,0.0,0.10168332,-0.701748,-0.70513165,0.0,0.031867996,-0.056414634,-0.09662265,1.0
414354686588,0.01491797,-0.6911408,0.7225661,0.0,-0.9945121,-0.08509612,-0.06086287,0.0,0.10355243,-0.71769273,-0.6886172,0.0,0.032717973,-0.060903754,-0.10024791,1.0
414355015848,0.010245562,-0.6740455,0.7386186,0.0,-0.99442714,-0.08437681,-0.063206494,0.0,0.10492638,-0.7338549,-0.67115355,0.0,0.03386511,-0.065553874,-0.1031377,1.0
414355351848,0.0035214424,-0.6579932,0.75301564,0.0,-0.9943695,-0.08205724,-0.067052364,0.0,0.10591042,-0.7485396,-0.65457726,0.0,0.035323903,-0.06963574,-0.10550144,1.0
414355673795,-0.0043133497,-0.6484444,0.76124966,0.0,-0.9941782,-0.079178095,-0.07307854,0.0,0.107661754,-0.757133,-0.64432764,0.0,0.03693524,-0.07238684,-0.10758895,1.0
414356017993,-0.012564421,-0.64085644,0.76755774,0.0,-0.99380237,-0.07678485,-0.080378026,0.0,0.110447645,-0.76381075,-0.6359198,0.0,0.038751885,-0.07460673,-0.109349445,1.0
414356663037,-0.022540212,-0.6337677,0.7731949,0.0,-0.99299717,-0.075518966,-0.09084883,0.0,0.11596793,-0.7698281,-0.6276274,0.0,0.041704237,-0.07702315,-0.11161051,1.0
414356992615,-0.025116682,-0.6315997,0.77488774,0.0,-0.9927059,-0.07567179,-0.09385583,0.0,0.117916465,-0.771593,-0.62509215,0.0,0.042822465,-0.077921845,-0.11212158,1.0
414357324076,-0.02576387,-0.62946755,0.7765994,0.0,-0.9925981,-0.07611966,-0.094628185,0.0,0.11867991,-0.7732892,-0.6228471,0.0,0.043683782,-0.07871863,-0.112256296,1.0
414357652984,-0.025247574,-0.62774265,0.7780112,0.0,-0.9925953,-0.07675588,-0.09414232,0.0,0.1188142,-0.77462727,-0.62115645,0.0,0.044353515,-0.07938584,-0.11207472,1.0
414357984202,-0.02466476,-0.6257557,0.77962905,0.0,-0.9926203,-0.07729185,-0.093440026,0.0,0.11872959,-0.77618027,-0.61923146,0.0,0.044959545,-0.079963624,-0.11158335,1.0
414358314557,-0.023957014,-0.6234278,0.78151363,0.0,-0.9926687,-0.07780254,-0.092494786,0.0,0.11846775,-0.7780001,-0.6169932,0.0,0.045534685,-0.080487594,-0.11088841,1.0
414358644075,-0.024187922,-0.6206581,0.7837081,0.0,-0.99271256,-0.07766175,-0.09214285,0.0,0.11805341,-0.78022563,-0.6142566,0.0,0.04613723,-0.08093772,-0.11012503,1.0
414358974160,-0.025324345,-0.6182938,0.785539,0.0,-0.99271756,-0.07702112,-0.09262636,0.0,0.11777341,-0.782164,-0.6118406,0.0,0.046775058,-0.08133441,-0.10939031,1.0
414359304271,-0.026417494,-0.6166539,0.78679085,0.0,-0.992699,-0.076477766,-0.093271434,0.0,0.11768827,-0.7835106,-0.61013126,0.0,0.04740283,-0.08159852,-0.1086794,1.0
414359639867,-0.027485609,-0.6150187,0.78803355,0.0,-0.99266493,-0.076056,-0.09398022,0.0,0.117734075,-0.7848362,-0.6084173,0.0,0.048004836,-0.081825815,-0.1079506,1.0
414359964004,-0.02796328,-0.61398304,0.78882396,0.0,-0.99264324,-0.07594335,-0.09429881,0.0,0.11780363,-0.7856575,-0.6073426,0.0,0.0485007,-0.08205379,-0.10732246,1.0
414360310411,-0.027709126,-0.61369693,0.7890551,0.0,-0.9926605,-0.0760622,-0.094017684,0.0,0.11771572,-0.7858691,-0.607085,0.0,0.048940092,-0.08228717,-0.10664262,1.0
414360624216,-0.027953386,-0.61255866,0.78993064,0.0,-0.9927276,-0.07555497,-0.09371969,0.0,0.11709201,-0.78680575,-0.60599184,0.0,0.049337,-0.08249586,-0.10588307,1.0
414360954967,-0.028984666,-0.6123327,0.7900687,0.0,-0.9927913,-0.07432604,-0.09402725,0.0,0.116298676,-0.78709865,-0.6057644,0.0,0.049769104,-0.08249377,-0.10517647,1.0
414361287062,-0.030333757,-0.61364365,0.78900015,0.0,-0.99281085,-0.07294166,-0.09489977,0.0,0.11578566,-0.78620666,-0.6070194,0.0,0.05022782,-0.08220464,-0.10462663,1.0
414361630323,-0.031394243,-0.61466706,0.7881616,0.0,-0.9928341,-0.071789384,-0.09553355,0.0,0.11530298,-0.7855129,-0.6080086,0.0,0.050684318,-0.08181668,-0.1039565,1.0
414361979274,-0.03263116,-0.6165653,0.78662705,0.0,-0.99285215,-0.070405245,-0.09637049,0.0,0.114801556,-0.78414917,-0.60986066,0.0,0.051166847,-0.08121269,-0.10331552,1.0
414362314694,-0.034091353,-0.6198891,0.7839488,0.0,-0.9929194,-0.06830537,-0.0971894,0.0,0.113794416,-0.7817111,-0.61317134,0.0,0.051601335,-0.08038974,-0.102743804,1.0
414362644908,-0.035812855,-0.6228551,0.781517,0.0,-0.99308926,-0.0652765,-0.09753245,0.0,0.11176333,-0.7796091,-0.61621296,0.0,0.05199212,-0.079540156,-0.102096565,1.0
414362979593,-0.038260818,-0.6257,0.77912486,0.0,-0.9933369,-0.06100762,-0.09777433,0.0,0.10870993,-0.77767444,-0.61919665,0.0,0.052389026,-0.078713834,-0.10135997,1.0
414363313267,-0.041251898,-0.6280558,0.777074,0.0,-0.99361587,-0.05594659,-0.09796524,0.0,0.10500237,-0.77615446,-0.6217382,0.0,0.052825868,-0.077903904,-0.10059712,1.0
414363641096,-0.044902682,-0.62962663,0.77559894,0.0,-0.9938319,-0.050649166,-0.09865421,0.0,0.101398945,-0.7752449,-0.62346864,0.0,0.053405806,-0.07722558,-0.09987345,1.0
414363991290,-0.049865842,-0.630289,0.7747574,0.0,-0.9939515,-0.044677377,-0.10032046,0.0,0.09784508,-0.7750739,-0.62424886,0.0,0.05416672,-0.07682239,-0.09915006,1.0
414364321882,-0.055207014,-0.6292373,0.7752498,0.0,-0.99397767,-0.038972974,-0.10241628,0.0,0.09465808,-0.7762352,-0.623296,0.0,0.054924563,-0.07680538,-0.09840706,1.0
414364653720,-0.060185432,-0.6273342,0.77642083,0.0,-0.9939733,-0.033730626,-0.10430324,0.0,0.0916222,-0.7780192,-0.62152326,0.0,0.05560799,-0.077083364,-0.0976051,1.0
414364989996,-0.0638628,-0.62416065,0.7786818,0.0,-0.9940412,-0.029285073,-0.10499871,0.0,0.08833969,-0.7807472,-0.6185713,0.0,0.056127578,-0.07766852,-0.096618384,1.0
414365322495,-0.0663048,-0.6199951,0.78179866,0.0,-0.9941938,-0.025495768,-0.104537785,0.0,0.084745705,-0.78419095,-0.6147047,0.0,0.056491807,-0.078290395,-0.09549677,1.0
414365651223,-0.067768335,-0.6178546,0.7833662,0.0,-0.99435055,-0.02246511,-0.10373956,0.0,0.08169457,-0.78597105,-0.6128415,0.0,0.056771427,-0.0786103,-0.09446093,1.0
414365983829,-0.068590164,-0.6160238,0.78473586,0.0,-0.994508,-0.020109296,-0.10271111,0.0,0.079052866,-0.78747106,-0.61126137,0.0,0.057011828,-0.07877929,-0.09326081,1.0
414366315920,-0.06916559,-0.6143137,0.78602445,0.0,-0.9946486,-0.018149018,-0.101707846,0.0,0.076746196,-0.78885293,-0.609771,0.0,0.057219908,-0.07880377,-0.09200079,1.0
414366656858,-0.07005906,-0.61387676,0.78628695,0.0,-0.99471945,-0.016271234,-0.101333976,0.0,0.075000376,-0.7892342,-0.6094953,0.0,0.057394892,-0.07867491,-0.090875685,1.0
414367002933,-0.070184946,-0.6134782,0.78658664,0.0,-0.99481034,-0.015184641,-0.10060704,0.0,0.07366422,-0.7895657,-0.6092286,0.0,0.057491183,-0.078708276,-0.08969541,1.0
414367325049,-0.06984627,-0.6112095,0.78838074,0.0,-0.99493515,-0.014585972,-0.099454254,0.0,0.072286814,-0.7913343,-0.607095,0.0,0.057457134,-0.07896393,-0.08845569,1.0
414367664169,-0.06892264,-0.60943353,0.7898358,0.0,-0.9950962,-0.014305353,-0.09787193,0.0,0.07094523,-0.79270816,-0.605459,0.0,0.057361126,-0.07924163,-0.08726704,1.0
414368019183,-0.067916155,-0.60790825,0.7910974,0.0,-0.9952594,-0.014045596,-0.096236706,0.0,0.0696145,-0.7938831,-0.60407245,0.0,0.05724384,-0.07944238,-0.08614035,1.0
414368727607,-0.06514621,-0.6069557,0.79206115,0.0,-0.99550325,-0.015172005,-0.09350532,0.0,0.06877065,-0.7945909,-0.603238,0.0,0.05693236,-0.07955565,-0.084425114,1.0
414369077462,-0.06340051,-0.60644746,0.79259217,0.0,-0.99564826,-0.015919209,-0.09182343,0.0,0.06830338,-0.79496443,-0.6027992,0.0,0.056742042,-0.07970534,-0.08381975,1.0
414369428453,-0.06144607,-0.60524714,0.7936628,0.0,-0.9958434,-0.016388297,-0.08959663,0.0,0.067234755,-0.7958691,-0.6017244,0.0,0.056495592,-0.08000948,-0.08325241,1.0
414369777213,-0.05985284,-0.6029403,0.79553777,0.0,-0.9960271,-0.01656866,-0.08749449,0.0,0.065935016,-0.79761404,-0.5995531,0.0,0.056297958,-0.080557086,-0.08265436,1.0
414370135084,-0.0590744,-0.5993017,0.79834056,0.0,-0.9961492,-0.01650989,-0.08610526,0.0,0.06478357,-0.80035293,-0.59601855,0.0,0.056233108,-0.08127868,-0.08204152,1.0
414370823493,-0.06192386,-0.58834136,0.8062382,0.0,-0.99606526,-0.01488328,-0.087364465,0.0,0.06339958,-0.80847573,-0.5851047,0.0,0.05660741,-0.083169825,-0.08065952,1.0
414371183512,-0.0647279,-0.58218646,0.8104744,0.0,-0.9959285,-0.013373494,-0.08914596,0.0,0.0627386,-0.812945,-0.5789504,0.0,0.056934103,-0.08413583,-0.079987764,1.0
414371527035,-0.06670368,-0.57848704,0.81295973,0.0,-0.9958341,-0.012170792,-0.09036893,0.0,0.06217152,-0.8156009,-0.5752654,0.0,0.057222247,-0.084749684,-0.07953491,1.0
414371867613,-0.06765914,-0.5770582,0.81389564,0.0,-0.99579716,-0.011412382,-0.09087199,0.0,0.06172687,-0.81662333,-0.57386076,0.0,0.057453796,-0.084966145,-0.079293326,1.0
414372555526,-0.06723976,-0.5780612,0.81321824,0.0,-0.9958699,-0.01095438,-0.09012875,0.0,0.061008275,-0.81591976,-0.5749371,0.0,0.057644293,-0.0847096,-0.07904775,1.0
414372902091,-0.06673646,-0.5794798,0.81224924,0.0,-0.9958801,-0.011399031,-0.089957,0.0,0.06138742,-0.81490654,-0.5763315,0.0,0.057694852,-0.084481485,-0.07906817,1.0
414373231723,-0.065674305,-0.580018,0.81195223,0.0,-0.9959021,-0.012604713,-0.08955678,0.0,0.06217885,-0.8145064,-0.57681346,0.0,0.057726413,-0.08438002,-0.079045236,1.0
414373582984,-0.064535975,-0.58053124,0.8116764,0.0,-0.99592865,-0.013830066,-0.08907741,0.0,0.06293777,-0.81412053,-0.57727504,0.0,0.05773519,-0.084246434,-0.07908276,1.0
414373933431,-0.06409335,-0.5822947,0.81044745,0.0,-0.9958539,-0.015213013,-0.089686275,0.0,0.06455314,-0.8128355,-0.57890534,0.0,0.05785151,-0.083996594,-0.07929264,1.0
414374654103,-0.06319308,-0.58415085,0.8091816,0.0,-0.99565023,-0.018722773,-0.09127113,0.0,0.06846604,-0.8114294,-0.5804268,0.0,0.05814697,-0.0835326,-0.07967933,1.0
414375349459,-0.06165719,-0.58546,0.8083532,0.0,-0.9956505,-0.020597935,-0.09086165,0.0,0.06984621,-0.81043947,-0.5816436,0.0,0.05819039,-0.08346288,-0.07979037,1.0
414375703626,-0.06077099,-0.5858101,0.80816656,0.0,-0.9957374,-0.020699382,-0.08988005,0.0,0.06938124,-0.8101838,-0.5820551,0.0,0.058199152,-0.083582215,-0.07967259,1.0
414376059312,-0.06047392,-0.5845484,0.80910194,0.0,-0.995838,-0.020041227,-0.08891016,0.0,0.06818774,-0.8111113,-0.58090353,0.0,0.058323488,-0.08371262,-0.07931381,1.0
414376408241,-0.06077707,-0.5842514,0.8092938,0.0,-0.9958961,-0.018978596,-0.08849183,0.0,0.06706071,-0.8113508,-0.58070016,0.0,0.05871758,-0.08357515,-0.07896892,1.0
414377110991,-0.06388354,-0.58820903,0.80618167,0.0,-0.99567986,-0.016976714,-0.09128645,0.0,0.06738189,-0.8085307,-0.5845833,0.0,0.060204357,-0.0821618,-0.078755185,1.0
414377517202,-0.06573069,-0.59370977,0.80199015,0.0,-0.99544245,-0.01663673,-0.09390202,0.0,0.06909308,-0.80450726,-0.58991027,0.0,0.06117308,-0.081070125,-0.07905614,1.0
414377797528,-0.06626284,-0.5976328,0.7990271,0.0,-0.99530965,-0.016978383,-0.09523934,0.0,0.07048434,-0.80159014,-0.5937047,0.0,0.061747357,-0.08039194,-0.07937309,1.0
414378830706,-0.06099367,-0.6109489,0.78931683,0.0,-0.99539244,-0.02138257,-0.093468845,0.0,0.07398242,-0.7913811,-0.60682964,0.0,0.062375784,-0.07791444,-0.08071802,1.0
414379187392,-0.057453036,-0.6155693,0.7859859,0.0,-0.9956437,-0.02258265,-0.09046447,0.0,0.07343674,-0.78775924,-0.61159027,0.0,0.062054753,-0.07697693,-0.08115741,1.0
414379547243,-0.05422163,-0.6200552,0.78268206,0.0,-0.99590874,-0.023163319,-0.08734408,0.0,0.07228777,-0.7842159,-0.6162623,0.0,0.061673775,-0.07607894,-0.08158915,1.0
414379903149,-0.051105976,-0.62553227,0.77852273,0.0,-0.99615407,-0.023625016,-0.08437452,0.0,0.07117155,-0.7798406,-0.62191916,0.0,0.061316296,-0.075199835,-0.08215833,1.0
414380597208,-0.048289537,-0.6318989,0.77354497,0.0,-0.99641836,-0.023344755,-0.08127287,0.0,0.069414556,-0.7746991,-0.6285083,0.0,0.061009333,-0.073773384,-0.082945734,1.0
414380943083,-0.047679305,-0.6344319,0.7715069,0.0,-0.99644834,-0.023460269,-0.080872685,0.0,0.06940797,-0.7726227,-0.6310601,0.0,0.06104231,-0.07301507,-0.08339338,1.0
414381297426,-0.04714966,-0.63909376,0.7676821,0.0,-0.9964287,-0.023800015,-0.08101264,0.0,0.07004562,-0.7687603,-0.63568926,0.0,0.061141238,-0.07209865,-0.08410989,1.0
414381633181,-0.04738128,-0.64177185,0.76543045,0.0,-0.9963719,-0.023868084,-0.08168924,0.0,0.07069528,-0.766524,-0.63831246,0.0,0.061196834,-0.07140062,-0.08461505,1.0
414382024243,-0.047176123,-0.64332354,0.7641394,0.0,-0.9963627,-0.024039268,-0.081751645,0.0,0.07096213,-0.76521677,-0.6398494,0.0,0.061051577,-0.0708118,-0.08509137,1.0
414382343774,-0.046550274,-0.64499855,0.76276433,0.0,-0.9963926,-0.024255753,-0.08131954,0.0,0.070952654,-0.7637985,-0.64154255,0.0,0.060766414,-0.070346825,-0.085547335,1.0
414383046984,-0.044934392,-0.64582264,0.76216424,0.0,-0.9965602,-0.024202585,-0.0792613,0.0,0.069634914,-0.76310396,-0.64251375,0.0,0.059782192,-0.07001072,-0.08640772,1.0
414383375924,-0.044580102,-0.64405817,0.7636762,0.0,-0.99665564,-0.023728728,-0.07819274,0.0,0.0684818,-0.76460826,-0.64084625,0.0,0.059210226,-0.07035935,-0.08667255,1.0
414383714676,-0.04385948,-0.6409806,0.7663027,0.0,-0.9967742,-0.023525715,-0.07672927,0.0,0.06720999,-0.7671963,-0.6378809,0.0,0.05860895,-0.0710322,-0.08683655,1.0
414384060090,-0.043022394,-0.63758856,0.7691746,0.0,-0.9968955,-0.023417354,-0.07517114,0.0,0.06594047,-0.77002084,-0.6346016,0.0,0.058004767,-0.07186926,-0.08696864,1.0
414384390419,-0.04270196,-0.6344165,0.771811,0.0,-0.996962,-0.023309708,-0.074319065,0.0,0.06513992,-0.7726398,-0.6314938,0.0,0.057543427,-0.07262817,-0.08703128,1.0
414384738886,-0.042309046,-0.6310451,0.7745917,0.0,-0.9969976,-0.02365911,-0.07373142,0.0,0.06485394,-0.77538544,-0.6281495,0.0,0.05726908,-0.07334091,-0.08694056,1.0
414385074777,-0.04314506,-0.6285125,0.7766018,0.0,-0.99691975,-0.023872375,-0.0747056,0.0,0.0654929,-0.7774329,-0.62554646,0.0,0.057329193,-0.073843725,-0.08681148,1.0
414385409861,-0.045765877,-0.6270568,0.7776278,0.0,-0.99667615,-0.023854613,-0.077893406,0.0,0.06739369,-0.7786081,-0.62388086,0.0,0.05772513,-0.07408335,-0.08676225,1.0
414385748057,-0.04863882,-0.62629056,0.77807105,0.0,-0.99633336,-0.024472594,-0.08198142,0.0,0.070385575,-0.7792056,-0.6228039,0.0,0.058276206,-0.07420389,-0.08679109,1.0
414386102017,-0.05133879,-0.62605274,0.77808905,0.0,-0.99594975,-0.02549088,-0.086223245,0.0,0.07381439,-0.7793641,-0.62220836,0.0,0.058838144,-0.07426177,-0.086898044,1.0
414387157208,-0.053041458,-0.62557995,0.7783547,0.0,-0.9956039,-0.027125478,-0.08964777,0.0,0.07719523,-0.7796882,-0.62139094,0.0,0.05889553,-0.074503556,-0.08710375,1.0
414387853450,-0.04837501,-0.62636626,0.7780261,0.0,-0.9960114,-0.028215528,-0.084644586,0.0,0.07497117,-0.7790178,-0.6225028,0.0,0.05776927,-0.074482515,-0.08710866,1.0
414388209266,-0.045595884,-0.6273283,0.77741885,0.0,-0.9961593,-0.029679775,-0.08237487,0.0,0.07474974,-0.77818906,-0.6235657,0.0,0.05726604,-0.07434462,-0.08707464,1.0
