timestamp,pose 00,pose 01,pose 02,pose 03,pose 10,pose 11,pose 12,pose 13,pose 20,pose 21,pose 22,pose 23,pose 30,pose 31,pose 32,pose 33
3004705455,-0.20883012,-0.8669486,0.4525373,0.0,-0.8884429,-0.025216341,-0.45829386,0.0,0.4087286,-0.49775916,-0.7649684,0.0,-0.5941753,0.48253205,0.42542756,1.0
3005372709,-0.20776844,-0.86996055,0.44721505,0.0,-0.8911314,-0.020198584,-0.45329583,0.0,0.4033825,-0.4927078,-0.7710526,0.0,-0.599593,0.4834645,0.4288323,1.0
3005696258,-0.20777929,-0.87052774,0.44610453,0.0,-0.89266396,-0.01773274,-0.45037395,0.0,0.39997363,-0.49179977,-0.77340436,0.0,-0.6023625,0.4836024,0.4305603,1.0
3006026308,-0.20747232,-0.8710803,0.4451679,0.0,-0.8941529,-0.015721083,-0.44748574,0.0,0.3967945,-0.49088907,-0.77561724,0.0,-0.60526496,0.48359358,0.43241602,1.0
3006356435,-0.20702183,-0.8709395,0.4456524,0.0,-0.8958019,-0.014371991,-0.44422075,0.0,0.39329442,-0.49117985,-0.7772138,0.0,-0.60823,0.48340163,0.43434584,1.0
3006695031,-0.2060374,-0.87125707,0.44548815,0.0,-0.8976054,-0.013021588,-0.44060752,0.0,0.38968337,-0.4906542,-0.7793621,0.0,-0.6112522,0.48348954,0.43634814,1.0
3007026512,-0.20468509,-0.87249887,0.44367716,0.0,-0.8992679,-0.011381984,-0.43724975,0.0,0.38654998,-0.48848328,-0.78228045,0.0,-0.61414003,0.4838334,0.4383008,1.0
3007346154,-0.20390844,-0.8731938,0.442667,0.0,-0.90050584,-0.010099173,-0.43472674,0.0,0.38407123,-0.48726866,-0.78425694,0.0,-0.616813,0.48397672,0.44025916,1.0
3007676751,-0.20441008,-0.8722387,0.44431534,0.0,-0.901382,-0.009290695,-0.43292496,0.0,0.3817419,-0.48899212,-0.7843212,0.0,-0.61948735,0.48378342,0.44249207,1.0
3008025686,-0.20423591,-0.8720335,0.4447982,0.0,-0.90217113,-0.00869441,-0.4312909,0.0,0.3799673,-0.48936912,-0.78494775,0.0,-0.6223665,0.4837168,0.44488132,1.0
3008336802,-0.2036817,-0.8713257,0.44643646,0.0,-0.90305704,-0.008924603,-0.42942804,0.0,0.3781559,-0.4906242,-0.78503907,0.0,-0.6250728,0.48348817,0.44714624,1.0
3008666176,-0.20300305,-0.8700727,0.44918084,0.0,-0.9039484,-0.009808183,-0.42752928,0.0,0.37638712,-0.49282598,-0.7845098,0.0,-0.6279776,0.48301002,0.449727,1.0
3010317697,-0.20104301,-0.8650127,0.45971113,0.0,-0.91150373,-0.0067031384,-0.41123673,0.0,0.35880667,-0.5017048,-0.7871146,0.0,-0.6424509,0.4803922,0.46366256,1.0
3010645070,-0.20118701,-0.86347854,0.46252474,0.0,-0.9126797,-0.0062328577,-0.40862864,0.0,0.35572472,-0.5043475,-0.7868254,0.0,-0.6448651,0.4797025,0.4663325,1.0
3010975465,-0.20164514,-0.8621469,0.46480307,0.0,-0.91340786,-0.0057908297,-0.40700427,0.0,0.3535891,-0.50662524,-0.786324,0.0,-0.6470581,0.4791268,0.46892345,1.0
3011635845,-0.200917,-0.86180246,0.4657564,0.0,-0.91482425,-0.0049649477,-0.40382174,0.0,0.350327,-0.5072199,-0.78740025,0.0,-0.6512188,0.4783927,0.47335565,1.0
3011966172,-0.2001977,-0.86052895,0.46841273,0.0,-0.9161322,-0.0050581694,-0.40084395,0.0,0.34730724,-0.50937617,-0.78734565,0.0,-0.6535033,0.47778383,0.4753545,1.0
3012296140,-0.19813037,-0.8600435,0.4701802,0.0,-0.9178921,-0.0054666996,-0.39679244,0.0,0.34382915,-0.5101913,-0.788344,0.0,-0.65585893,0.47730488,0.47708523,1.0
3012625885,-0.19576585,-0.8597237,0.4717531,0.0,-0.9198438,-0.0057781935,-0.39224237,0.0,0.33994588,-0.51072675,-0.78968036,0.0,-0.6583116,0.47691336,0.47857332,1.0
3012958295,-0.19306898,-0.8591622,0.47388256,0.0,-0.9219259,-0.0064542294,-0.3873124,0.0,0.33582276,-0.51166266,-0.79083776,0.0,-0.6607799,0.4765786,0.4798857,1.0
3013291236,-0.18964505,-0.8597387,0.47421926,0.0,-0.9237368,-0.0074698925,-0.3829547,0.0,0.3327834,-0.51067936,-0.7927556,0.0,-0.66309625,0.47645324,0.4808521,1.0
3013623035,-0.1862334,-0.8607248,0.4737826,0.0,-0.92516506,-0.0086990595,-0.37946534,0.0,0.3307367,-0.5089962,-0.7946925,0.0,-0.66515476,0.47648507,0.48156357,1.0
3013944501,-0.18283021,-0.86127687,0.47410494,0.0,-0.9262818,-0.010720611,-0.3766792,0.0,0.3295077,-0.508023,-0.7958251,0.0,-0.6669371,0.47643396,0.48201358,1.0
3014274994,-0.17902958,-0.8618751,0.47446805,0.0,-0.9272731,-0.013356805,-0.37414753,0.0,0.32880574,-0.50694484,-0.7968023,0.0,-0.6685636,0.47636163,0.48214817,1.0
3014617786,-0.1752665,-0.86225355,0.47518495,0.0,-0.92822623,-0.016147614,-0.37166595,0.0,0.32814327,-0.5062196,-0.79753625,0.0,-0.67011225,0.47610945,0.48200768,1.0
3014935866,-0.17205906,-0.8622049,0.4764434,0.0,-0.9291204,-0.01866126,-0.36930615,0.0,0.3273086,-0.50621575,-0.79788136,0.0,-0.6713234,0.47577202,0.48156193,1.0
3015266687,-0.16905475,-0.86193717,0.4780009,0.0,-0.93011284,-0.020920515,-0.36667755,0.0,0.32605305,-0.50658333,-0.7981621,0.0,-0.6723882,0.47542435,0.48083323,1.0
3015595553,-0.16678536,-0.861696,0.47923118,0.0,-0.9310094,-0.022407293,-0.36430666,0.0,0.32465988,-0.50692976,-0.79850984,0.0,-0.67319334,0.4751306,0.4799071,1.0
3015928598,-0.16482663,-0.86113584,0.48091277,0.0,-0.9317899,-0.023929715,-0.36220837,0.0,0.32341877,-0.50781125,-0.79845333,0.0,-0.67370826,0.47479498,0.47877944,1.0
3016264387,-0.16300488,-0.86071545,0.4822847,0.0,-0.9323793,-0.025468946,-0.36058325,0.0,0.32264277,-0.5084491,-0.7983618,0.0,-0.673895,0.47451603,0.47738892,1.0
3016594010,-0.1615932,-0.86037004,0.48337463,0.0,-0.93274546,-0.026809454,-0.35953745,0.0,0.32229427,-0.5089643,-0.79817414,0.0,-0.6737884,0.47429478,0.4759232,1.0
3016916189,-0.16082335,-0.85958517,0.48502502,0.0,-0.9329815,-0.027921677,-0.35883975,0.0,0.32199606,-0.5102292,-0.79748666,0.0,-0.67348164,0.47405502,0.4744358,1.0
3017246999,-0.16006756,-0.85909516,0.4861419,0.0,-0.9330676,-0.029032111,-0.35852742,0.0,0.3221229,-0.5109919,-0.79694676,0.0,-0.67300284,0.4738431,0.47282618,1.0
3017575335,-0.15926182,-0.8581782,0.48802248,0.0,-0.9332754,-0.030318022,-0.35787964,0.0,0.3219203,-0.51245594,-0.7960882,0.0,-0.67245543,0.47347212,0.471198,1.0
3017907916,-0.15891862,-0.856779,0.4905857,0.0,-0.9335668,-0.031274557,-0.35703596,0.0,0.32124385,-0.51473427,-0.7948903,0.0,-0.6718275,0.47304985,0.46957588,1.0
3018235546,-0.15841651,-0.85592294,0.49223995,0.0,-0.9339614,-0.031847358,-0.355952,0.0,0.32034397,-0.5161218,-0.79435396,0.0,-0.67115825,0.4727153,0.46806598,1.0
3018561016,-0.1582613,-0.85511243,0.4936962,0.0,-0.9343591,-0.031969786,-0.35489577,0.0,0.31925917,-0.5174558,-0.79392254,0.0,-0.6703497,0.47248203,0.46662527,1.0
3018897251,-0.15868974,-0.8545074,0.49460608,0.0,-0.93453974,-0.031612158,-0.35445246,0.0,0.31851763,-0.51847684,-0.79355454,0.0,-0.6692716,0.47237155,0.46526408,1.0
3019225295,-0.1597408,-0.85453236,0.49422404,0.0,-0.93440545,-0.030584574,-0.354896,0.0,0.31838575,-0.51849693,-0.7935941,0.0,-0.6680113,0.47247005,0.46395543,1.0
3019558978,-0.16147983,-0.85447836,0.49375224,0.0,-0.9341551,-0.028994083,-0.35568798,0.0,0.31824344,-0.5186775,-0.7935333,0.0,-0.6666104,0.47263074,0.46272877,1.0
3019886676,-0.16307569,-0.8541992,0.4937103,0.0,-0.93382466,-0.02785635,-0.3566446,0.0,0.31839857,-0.51919895,-0.7931297,0.0,-0.6651597,0.47280714,0.46161938,1.0
3020215321,-0.16397882,-0.8543676,0.49311966,0.0,-0.9334588,-0.027266026,-0.35764673,0.0,0.31900722,-0.5189533,-0.793046,0.0,-0.66366136,0.47304738,0.4605397,1.0
3020549706,-0.16520369,-0.8539723,0.49339524,0.0,-0.9330429,-0.026782393,-0.3587666,0.0,0.31959113,-0.5196285,-0.7923682,0.0,-0.6621222,0.4731656,0.45947307,1.0
3020878872,-0.16722488,-0.85327494,0.49392042,0.0,-0.93240666,-0.025930762,-0.36047906,0.0,0.32039562,-0.5208159,-0.79126287,0.0,-0.66044235,0.47319472,0.4585501,1.0
3021200374,-0.17007995,-0.85289574,0.4936008,0.0,-0.93133473,-0.024553299,-0.36333567,0.0,0.32200694,-0.5215037,-0.7901554,0.0,-0.6585786,0.47330263,0.45771164,1.0
3021533140,-0.17474985,-0.85289586,0.491966,0.0,-0.9294841,-0.02194655,-0.36820802,0.0,0.3248403,-0.5216191,-0.7889179,0.0,-0.6563128,0.47351557,0.45705146,1.0
3021874532,-0.18183088,-0.85240394,0.4902499,0.0,-0.9264117,-0.018662333,-0.37604928,0.0,0.32969508,-0.52255064,-0.7862836,0.0,-0.65350604,0.47377595,0.45669538,1.0
3022194203,-0.18928635,-0.8526554,0.48698002,0.0,-0.9224769,-0.015522838,-0.38574025,0.0,0.3364628,-0.52224314,-0.7836168,0.0,-0.6504248,0.47414923,0.45665616,1.0
3022525981,-0.19865465,-0.8538422,0.48113382,0.0,-0.9166649,-0.011833787,-0.39948136,0.0,0.3467877,-0.52039737,-0.78033626,0.0,-0.64668393,0.47482806,0.4568187,1.0
3022858242,-0.20900416,-0.85489935,0.4748311,0.0,-0.9091678,-0.008969903,-0.41633344,0.0,0.3601823,-0.5187165,-0.77537227,0.0,-0.64251184,0.4755665,0.45740852,1.0
3023182467,-0.22121048,-0.85670537,0.46596286,0.0,-0.89933497,-0.0055885315,-0.43722433,0.0,0.3771766,-0.51577544,-0.7692288,0.0,-0.6378321,0.47657156,0.45837963,1.0
3023515638,-0.23586631,-0.8591634,0.45409814,0.0,-0.8851503,-0.0029244423,-0.4652958,0.0,0.40109316,-0.5116928,-0.7597989,0.0,-0.6319854,0.4777813,0.45990464,1.0
3023850346,-0.2558713,-0.8619017,0.43778422,0.0,-0.86409277,0.00086551905,-0.5033317,0.0,0.43344364,-0.5070744,-0.7449844,0.0,-0.62473,0.47922754,0.46228004,1.0
3024181936,-0.2808907,-0.8655475,0.4146419,0.0,-0.829254,0.0013850331,-0.5588701,0.0,0.48315433,-0.5008249,-0.71814775,0.0,-0.6146123,0.48102915,0.4659722,1.0
3024522883,-0.30915546,-0.8705116,0.38292652,0.0,-0.77520365,-0.0025718212,-0.6317063,0.0,0.55089235,-0.49214143,-0.67402864,0.0,-0.6012212,0.48283923,0.47165197,1.0
3024836697,-0.3380084,-0.87461174,0.3475697,0.0,-0.70804167,-0.0069830418,-0.70613617,0.0,0.6200221,-0.48477378,-0.61690116,0.0,-0.5871283,0.4843874,0.47899568,1.0
3025498439,-0.39372575,-0.88139886,0.26099133,0.0,-0.5269645,-0.016216874,-0.84973276,0.0,0.75318575,-0.47209468,-0.458081,0.0,-0.5570226,0.48681062,0.5009086,1.0
3025826123,-0.41666174,-0.88289785,0.21652797,0.0,-0.42912066,-0.0189569,-0.9030483,0.0,0.8014041,-0.46918228,-0.37097108,0.0,-0.5440172,0.4873612,0.51382756,1.0
3026162293,-0.43528867,-0.8831373,0.17490655,0.0,-0.33600885,-0.020875454,-0.94162744,0.0,0.83523756,-0.46864992,-0.287655,0.0,-0.533149,0.48746368,0.52683085,1.0
3026498200,-0.44851184,-0.88301075,0.13830975,0.0,-0.25451878,-0.02215743,-0.96681416,0.0,0.8567717,-0.46882987,-0.21480513,0.0,-0.5247631,0.48716852,0.53888315,1.0
3026821365,-0.459579,-0.88146603,0.10864994,0.0,-0.1883519,-0.022818685,-0.98183644,0.0,0.8679347,-0.47169587,-0.1555388,0.0,-0.51849514,0.4863127,0.5491735,1.0
3027494573,-0.48087537,-0.8745729,0.062298983,0.0,-0.09241676,-0.020099878,-0.9955175,0.0,0.87190485,-0.48447728,-0.07115972,0.0,-0.50970006,0.48339984,0.56575704,1.0
3028143323,-0.49406075,-0.86881053,0.03273371,0.0,-0.04005307,-0.01486516,-0.99908674,0.0,0.8685039,-0.49492106,-0.0274539,0.0,-0.5033842,0.48115304,0.5769454,1.0
3028475251,-0.49922872,-0.8661829,0.022317141,0.0,-0.024512291,-0.011627674,-0.99963194,0.0,0.86612356,-0.4995919,-0.015427351,0.0,-0.50000834,0.48042485,0.5811171,1.0
3028804212,-0.5042403,-0.86344534,0.014281541,0.0,-0.014563441,-0.008033037,-0.9998617,0.0,0.86344063,-0.50437844,-0.008524179,0.0,-0.4959959,0.48002476,0.584352,1.0
3029792730,-0.51274467,-0.85853964,-0.0016820729,0.0,-0.0024867654,0.003444314,-0.99999106,0.0,0.8585377,-0.5127357,-0.003901124,0.0,-0.47921547,0.48050427,0.59083927,1.0
3030116879,-0.5132278,-0.8582308,-0.006115973,0.0,-0.0008570254,0.007638395,-0.99997056,0.0,0.85825217,-0.5132073,-0.004655838,0.0,-0.47168303,0.48061067,0.5922839,1.0
3030783123,-0.51304436,-0.85814244,-0.019405246,0.0,0.0066258907,0.018647492,-0.999804,0.0,0.85833627,-0.5130726,-0.0038808584,0.0,-0.45244458,0.47972888,0.59478116,1.0
3031110315,-0.5192896,-0.8541098,-0.02888602,0.0,0.014431655,0.025031686,-0.9995824,0.0,0.8544763,-0.51948977,-0.0006723404,0.0,-0.44109088,0.47767824,0.59622943,1.0
3032104065,-0.5630481,-0.8237047,-0.06698695,0.0,0.048994005,0.04764372,-0.99766207,0.0,0.8249705,-0.56501377,0.01353091,0.0,-0.39928016,0.4644848,0.597942,1.0
3032430714,-0.58139133,-0.8098511,-0.078261286,0.0,0.060275793,0.053052723,-0.9967708,0.0,0.811388,-0.58423144,0.017970204,0.0,-0.38340008,0.45851564,0.59674674,1.0
3032763604,-0.5999546,-0.79509664,-0.08874583,0.0,0.07233867,0.056560397,-0.9957751,0.0,0.7967569,-0.60383964,0.023582578,0.0,-0.36596173,0.45239425,0.59486365,1.0
3033138753,-0.61722493,-0.7807677,-0.09713745,0.0,0.086862385,0.055084944,-0.9946964,0.0,0.7819775,-0.6223887,0.033819318,0.0,-0.3443131,0.44608328,0.59179276,1.0
3033766295,-0.6375756,-0.7640658,-0.09848952,0.0,0.106259525,0.0394032,-0.9935572,0.0,0.76302403,-0.64393353,0.05606705,0.0,-0.30348635,0.43597952,0.58508986,1.0
3034088210,-0.6497154,-0.754226,-0.094934374,0.0,0.11320883,0.027491093,-0.9931907,0.0,0.75170016,-0.65603894,0.06752396,0.0,-0.2809258,0.4296874,0.5807141,1.0
3034420284,-0.6629746,-0.7432723,-0.089505374,0.0,0.11844954,0.013907969,-0.99286276,0.0,0.7392122,-0.6688445,0.078819394,0.0,-0.25643766,0.42203677,0.57571304,1.0
3034754457,-0.67576396,-0.7325388,-0.08203542,0.0,0.1212807,-0.0007197857,-0.9926179,0.0,0.7270721,-0.6807248,0.08932924,0.0,-0.23088059,0.41287878,0.5701071,1.0
3035415456,-0.70615554,-0.7054699,-0.0604707,0.0,0.11625904,-0.03127861,-0.9927263,0.0,0.69844705,-0.7080494,0.10410476,0.0,-0.18069339,0.38912767,0.5581047,1.0
3035795235,-0.7247517,-0.68756604,-0.044588417,0.0,0.10707283,-0.048463464,-0.9930694,0.0,0.68063986,-0.7245028,0.10874355,0.0,-0.15324874,0.37247846,0.5515008,1.0
3036134753,-0.7403201,-0.67163116,-0.028943866,0.0,0.09645319,-0.06351113,-0.99330914,0.0,0.6652992,-0.73815846,0.11179954,0.0,-0.12983859,0.35603988,0.54654336,1.0
3036483776,-0.7581909,-0.651858,-0.015103579,0.0,0.085018694,-0.07586813,-0.9934868,0.0,0.6464664,-0.75453657,0.11294246,0.0,-0.10721387,0.33758968,0.5424666,1.0
3036809517,-0.77427304,-0.6328108,-0.0071818233,0.0,0.07828283,-0.084509134,-0.99334276,0.0,0.62799114,-0.76968086,0.11497146,0.0,-0.086993024,0.3191342,0.53999424,1.0
3037469985,-0.8139967,-0.58086264,0.0028306544,0.0,0.066078484,-0.09743893,-0.99304545,0.0,0.57709885,-0.8081486,0.11769748,0.0,-0.05007191,0.27668995,0.5381217,1.0
3037815903,-0.8408842,-0.54121464,-0.0010345876,0.0,0.06390692,-0.09739351,-0.99319214,0.0,0.53742933,-0.8352254,0.11648375,0.0,-0.033518165,0.2525034,0.5386847,1.0
3038772692,-0.88380265,-0.46732998,-0.022264719,0.0,0.06781912,-0.08088148,-0.9944138,0.0,0.46291855,-0.88037544,0.10317713,0.0,0.010810882,0.18196553,0.5432484,1.0
3039496737,-0.9085262,-0.41650698,-0.033205897,0.0,0.06986421,-0.07307863,-0.99487627,0.0,0.4119462,-0.90619075,0.09549248,0.0,0.039589345,0.12037507,0.54807496,1.0
3040270096,-0.92840767,-0.3699993,-0.03405343,0.0,0.06356782,-0.06786764,-0.9956672,0.0,0.366085,-0.9265498,0.08652884,0.0,0.063346475,0.046205226,0.55432093,1.0
3040943884,-0.9395261,-0.34100103,-0.03175187,0.0,0.05616115,-0.061947465,-0.9964978,0.0,0.33783993,-0.93801934,0.0773527,0.0,0.07598676,-0.023337945,0.5613328,1.0
3041245512,-0.9438696,-0.32878596,-0.031781018,0.0,0.053748325,-0.057939768,-0.9968722,0.0,0.32591617,-0.9426255,0.072359204,0.0,0.079097524,-0.05480563,0.5649158,1.0
3042146849,-0.95309234,-0.29992405,-0.04074949,0.0,0.05595392,-0.042277694,-0.99753785,0.0,0.2974628,-0.9530258,0.057076454,0.0,0.07973422,-0.14727595,0.57804644,1.0
3042477745,-0.95568967,-0.28985575,-0.051385343,0.0,0.06387937,-0.03380251,-0.9973849,0.0,0.28736082,-0.9564731,0.050820768,0.0,0.07804248,-0.18076913,0.58390564,1.0
3043432997,-0.9653592,-0.24463844,-0.09073797,0.0,0.093607634,-0.0001039505,-0.9956091,0.0,0.24355483,-0.9696143,0.023000479,0.0,0.06935792,-0.28052273,0.60033214,1.0
3044341527,-0.9751973,-0.18801415,-0.116796866,0.0,0.11274126,0.032159507,-0.9931039,0.0,0.19047372,-0.9816398,-0.010165215,0.0,0.056552082,-0.37186557,0.61234736,1.0
3044578160,-0.97721624,-0.1723549,-0.123864025,0.0,0.118983775,0.038404465,-0.99215317,0.0,0.1757594,-0.98428595,-0.017022133,0.0,0.05309674,-0.3940123,0.61544496,1.0
3045190119,-0.9802058,-0.1366851,-0.14322673,0.0,0.13790366,0.047698796,-0.9892965,0.0,0.14205383,-0.98946553,-0.027905345,0.0,0.04435897,-0.44608176,0.6224468,1.0
3045525907,-0.9812856,-0.121572,-0.14932846,0.0,0.14491402,0.044427395,-0.98844635,0.0,0.12680168,-0.9915879,-0.025978565,0.0,0.03986232,-0.4707243,0.62551534,1.0
3046183522,-0.98111475,-0.115761764,-0.15496229,0.0,0.1513002,0.039832413,-0.987685,0.0,0.120508686,-0.9924781,-0.021565557,0.0,0.035258412,-0.509063,0.62985635,1.0
3046545109,-0.9806814,-0.11772453,-0.15622099,0.0,0.15293342,0.03651637,-0.98756164,0.0,0.12196486,-0.9923747,-0.017807007,0.0,0.034245193,-0.5248565,0.6314715,1.0
3046856171,-0.9797827,-0.123564154,-0.1573454,0.0,0.15411884,0.035311162,-0.9874211,0.0,0.1275659,-0.9917081,-0.015553594,0.0,0.034138978,-0.5367185,0.6328715,1.0
3047166218,-0.978451,-0.13043517,-0.16006295,0.0,0.15701589,0.033386886,-0.9870315,0.0,0.13408764,-0.9908945,-0.012187004,0.0,0.034398988,-0.5465685,0.63436306,1.0
3047502448,-0.9765614,-0.13759047,-0.16551906,0.0,0.16292155,0.030010045,-0.9861825,0.0,0.14065653,-0.9900345,-0.0068901777,0.0,0.0347666,-0.55559134,0.636293,1.0
3047824543,-0.9748492,-0.14165506,-0.1720579,0.0,0.17016149,0.025485754,-0.98508686,0.0,0.14392757,-0.9895882,-0.00074100494,0.0,0.03503725,-0.5624206,0.6381561,1.0
3048156871,-0.97287595,-0.14821719,-0.17760809,0.0,0.17650063,0.020698667,-0.984083,0.0,0.14953427,-0.98873836,0.00602293,0.0,0.035679415,-0.5673524,0.63968724,1.0
3048485697,-0.97041464,-0.15717092,-0.18328542,0.0,0.18334022,0.014275312,-0.98294604,0.0,0.157107,-0.98746836,0.014962375,0.0,0.036604166,-0.5702757,0.64105964,1.0
3048838344,-0.9685044,-0.16540429,-0.1861193,0.0,0.18752658,0.0072076917,-0.98223305,0.0,0.16380705,-0.9861995,0.024037004,0.0,0.037454396,-0.57174903,0.6418428,1.0
3049153939,-0.9676399,-0.17124546,-0.18533336,0.0,0.18738261,0.0042625666,-0.9822779,0.0,0.16900064,-0.9852193,0.02796346,0.0,0.038095444,-0.57149565,0.64170396,1.0
3049477044,-0.9663979,-0.1799237,-0.18358016,0.0,0.18592323,0.0039016604,-0.9825563,0.0,0.17750144,-0.98367256,0.029681861,0.0,0.039041087,-0.5699441,0.641393,1.0
3049808152,-0.96472645,-0.18973026,-0.18249811,0.0,0.18494707,0.00487113,-0.98273647,0.0,0.18734382,-0.9818243,0.03039056,0.0,0.040204063,-0.5674876,0.64116025,1.0
3050137715,-0.9622798,-0.20402361,-0.17997667,0.0,0.18281244,0.005022049,-0.98313487,0.0,0.20148659,-0.978953,0.032465577,0.0,0.041489854,-0.56469923,0.64100045,1.0
3050482327,-0.9598205,-0.21784939,-0.1768794,0.0,0.18037312,0.003906846,-0.98359054,0.0,0.21496564,-0.9759746,0.035544276,0.0,0.04231608,-0.5621699,0.641146,1.0
3050821293,-0.9572463,-0.23034967,-0.17498244,0.0,0.17904155,0.0033304691,-0.98383594,0.0,0.22720905,-0.97310233,0.03805393,0.0,0.042747647,-0.56011355,0.6413464,1.0
3051166882,-0.95459735,-0.24388908,-0.17106143,0.0,0.17581464,0.0023132563,-0.9844206,0.0,0.24048513,-0.9698004,0.04067099,0.0,0.042860866,-0.5583254,0.6413864,1.0
3051484462,-0.9527831,-0.25398827,-0.1664167,0.0,0.172005,0.00020873547,-0.9850961,0.0,0.25023758,-0.9672073,0.043488324,0.0,0.04248537,-0.5568602,0.6413931,1.0
3051810343,-0.95027626,-0.2660394,-0.16186017,0.0,0.16849586,-0.002150178,-0.98570013,0.0,0.26188704,-0.96395993,0.046869516,0.0,0.042124227,-0.55502677,0.64143723,1.0
3052148764,-0.9463496,-0.28206554,-0.15767387,0.0,0.16568804,-0.004630208,-0.98616725,0.0,0.27743375,-0.9593839,0.051116765,0.0,0.04162334,-0.5528789,0.641559,1.0
3052477626,-0.94369555,-0.2930735,-0.15345241,0.0,0.16273305,-0.007396698,-0.9866427,0.0,0.28802377,-0.9560616,0.05467242,0.0,0.04065132,-0.55003136,0.64138675,1.0
3052819139,-0.9405265,-0.30582547,-0.14792007,0.0,0.15849677,-0.009899259,-0.98730975,0.0,0.3004802,-0.95203596,0.057783067,0.0,0.039609715,-0.5462266,0.6409965,1.0
3053137553,-0.9371046,-0.318237,-0.14338902,0.0,0.15522356,-0.012004018,-0.9878065,0.0,0.3126353,-0.9479353,0.060646772,0.0,0.038447484,-0.54207796,0.6407638,1.0
3053868062,-0.92914104,-0.34272453,-0.13869497,0.0,0.15256003,-0.013688922,-0.9881993,0.0,0.33678156,-0.9393361,0.06500518,0.0,0.034868494,-0.53138334,0.6408256,1.0
3054167442,-0.92570996,-0.35219887,-0.13790332,0.0,0.15233478,-0.013448715,-0.98823756,0.0,0.34620148,-0.9358286,0.06610155,0.0,0.033228397,-0.5263768,0.64120555,1.0
3054460921,-0.9216112,-0.3626952,-0.13814571,0.0,0.15355995,-0.013864994,-0.9880418,0.0,0.3564427,-0.9318045,0.068473935,0.0,0.031792194,-0.5211834,0.6417248,1.0
3054760001,-0.9160888,-0.37631327,-0.13845487,0.0,0.15544619,-0.015004516,-0.98773044,0.0,0.3696186,-0.92637104,0.0722419,0.0,0.030593276,-0.5157738,0.642237,1.0
3055430240,-0.90328526,-0.4068634,-0.13615257,0.0,0.15784357,-0.020055175,-0.98726034,0.0,0.39894956,-0.9132687,0.082336485,0.0,0.02767615,-0.50356627,0.6437645,1.0
3055748199,-0.8973613,-0.4198947,-0.13576445,0.0,0.15959267,-0.021960735,-0.9869389,0.0,0.4114289,-0.9073073,0.08671832,0.0,0.025972635,-0.4978909,0.644687,1.0
3056077251,-0.89060366,-0.43404275,-0.13576487,0.0,0.16172107,-0.023243904,-0.9865628,0.0,0.4250547,-0.9005924,0.09089488,0.0,0.024102136,-0.4919008,0.6454848,1.0
3056406946,-0.884416,-0.44639936,-0.13614707,0.0,0.1641896,-0.024538755,-0.9861235,0.0,0.43686402,-0.89449733,0.09499657,0.0,0.021898776,-0.48604763,0.6463113,1.0
3056737535,-0.87731266,-0.4603939,-0.1355013,0.0,0.16538692,-0.024986625,-0.9859124,0.0,0.45052227,-0.88736326,0.09806383,0.0,0.019635439,-0.47973752,0.6467693,1.0
3057067154,-0.8680109,-0.4782692,-0.13347459,0.0,0.16533157,-0.02491045,-0.98592335,0.0,0.4682119,-0.8778599,0.10069561,0.0,0.01754573,-0.47291163,0.64684486,1.0
3057412582,-0.85913324,-0.49470407,-0.13099161,0.0,0.16502738,-0.025526881,-0.98595876,0.0,0.48441395,-0.86868674,0.10357028,0.0,0.015086025,-0.465906,0.6467958,1.0
3057736790,-0.85107756,-0.50887096,-0.12929662,0.0,0.16541857,-0.026162863,-0.9858764,0.0,0.4983011,-0.8604452,0.106443286,0.0,0.012737066,-0.45988122,0.6467763,1.0
3058065176,-0.84402776,-0.5206299,-0.12869397,0.0,0.16668876,-0.026588202,-0.98565114,0.0,0.5097376,-0.8533685,0.10922408,0.0,0.0103651285,-0.45460898,0.6467393,1.0
3058396806,-0.83942866,-0.52784336,-0.12938607,0.0,0.16872221,-0.026800156,-0.98529917,0.0,0.5166161,-0.84891874,0.111555815,0.0,0.007855982,-0.4502372,0.6466831,1.0
3058720505,-0.83538747,-0.53387225,-0.13080066,0.0,0.17150031,-0.027076125,-0.98481214,0.0,0.5222222,-0.84513175,0.114178,0.0,0.0057062507,-0.44654283,0.6466349,1.0
3059071393,-0.83179545,-0.5393257,-0.131316,0.0,0.1731169,-0.027282476,-0.9845233,0.0,0.52739614,-0.84165514,0.11605996,0.0,0.0036554486,-0.44263437,0.646201,1.0
3059417267,-0.8276489,-0.5460954,-0.12952563,0.0,0.17257163,-0.028013349,-0.9845985,0.0,0.5340563,-0.8372544,0.11742586,0.0,0.0019023716,-0.43878642,0.64538574,1.0
3060040258,-0.81994784,-0.55908304,-0.122928366,0.0,0.16783887,-0.029492617,-0.9853731,0.0,0.54727995,-0.8285869,0.11801845,0.0,-0.0009963214,-0.4319805,0.6432347,1.0
3060469774,-0.8150902,-0.5671004,-0.11842814,0.0,0.16388738,-0.029640079,-0.98603374,0.0,0.5556699,-0.8231153,0.11709982,0.0,-0.0029205382,-0.42757693,0.64191675,1.0
3061094251,-0.8062134,-0.58095217,-0.11186658,0.0,0.1583462,-0.029702187,-0.98693675,0.0,0.5700404,-0.81339544,0.11593807,0.0,-0.0052473694,-0.4217348,0.6399389,1.0
3061733777,-0.7988293,-0.5920274,-0.10665329,0.0,0.15405516,-0.029951453,-0.9876081,0.0,0.5814967,-0.8053609,0.11513114,0.0,-0.007168263,-0.4170662,0.6382859,1.0
3062022437,-0.7951362,-0.5972196,-0.105293214,0.0,0.15336734,-0.030053496,-0.987712,0.0,0.5867166,-0.8015144,0.115490794,0.0,-0.0077008456,-0.4150602,0.6378487,1.0
3063672240,-0.782176,-0.6159219,-0.094026595,0.0,0.14221972,-0.029567957,-0.9893934,0.0,0.60660887,-0.7872521,0.110723555,0.0,-0.0022729635,-0.38463768,0.6306889,1.0
3064006042,-0.7779013,-0.6226086,-0.08501935,0.0,0.1317472,-0.029304028,-0.9908501,0.0,0.6144204,-0.78198457,0.10482246,0.0,0.00034244359,-0.37048537,0.62733203,1.0
3064332266,-0.7687125,-0.6351433,-0.07532588,0.0,0.12039584,-0.028027773,-0.9923302,0.0,0.6281606,-0.77188563,0.09801394,0.0,0.0031065345,-0.35243267,0.6235111,1.0
3064670566,-0.75327015,-0.6543578,-0.06633374,0.0,0.109342426,-0.025138497,-0.9936863,0.0,0.64855886,-0.7557672,0.09048498,0.0,0.005774528,-0.3300142,0.6190245,1.0
3064987274,-0.7343848,-0.6763817,-0.056454778,0.0,0.099580735,-0.025095701,-0.99471307,0.0,0.6713889,-0.7361238,0.085784316,0.0,0.0077669173,-0.3064417,0.61467147,1.0
3065316793,-0.7078289,-0.7050564,-0.04328698,0.0,0.08832353,-0.027539134,-0.99571115,0.0,0.7008404,-0.7086163,0.08176601,0.0,0.009369761,-0.2795009,0.6094621,1.0
3065673461,-0.6820791,-0.7307453,-0.027911454,0.0,0.07525501,-0.032175303,-0.99664503,0.0,0.72739565,-0.6818914,0.07693851,0.0,0.009485275,-0.24868795,0.60338426,1.0
3066441118,-0.6195216,-0.7849665,0.00452742,0.0,0.046020985,-0.04207778,-0.99805385,0.0,0.7836294,-0.6181076,0.062193036,0.0,0.0051929504,-0.17266685,0.59101754,1.0
3066771820,-0.5906867,-0.806787,0.013570219,0.0,0.037024885,-0.043900013,-0.99834967,0.0,0.80605125,-0.5892093,0.055802226,0.0,0.0014724582,-0.13580345,0.5864092,1.0
3067802055,-0.48375034,-0.8748254,0.025807798,0.0,0.034392953,-0.048466444,-0.9982325,0.0,0.87452996,-0.48200765,0.053533554,0.0,-0.0171514,-0.009100314,0.57582366,1.0
3068114585,-0.45312297,-0.8910513,0.026589394,0.0,0.039049715,-0.04963875,-0.99800354,0.0,0.8905923,-0.45118004,0.057287753,0.0,-0.024730623,0.030875608,0.57318467,1.0
3068743021,-0.3993237,-0.91644406,0.025909245,0.0,0.052195817,-0.0509398,-0.997337,0.0,0.9153232,-0.3969077,0.06817579,0.0,-0.042338327,0.11241738,0.56821454,1.0
3069051796,-0.36866856,-0.9292038,0.025765419,0.0,0.05716622,-0.05032909,-0.99709535,0.0,0.9278015,-0.36612478,0.07167375,0.0,-0.0521428,0.15301546,0.5649694,1.0
3069349996,-0.34087253,-0.9396615,0.029020369,0.0,0.058762223,-0.05210507,-0.99691117,0.0,0.93827116,-0.33811435,0.07297784,0.0,-0.06272529,0.19145037,0.56130445,1.0
3069670129,-0.31419015,-0.9488746,0.03035146,0.0,0.058852404,-0.051376104,-0.9969436,0.0,0.94753397,-0.31144378,0.0719856,0.0,-0.07503995,0.23127085,0.5571032,1.0
3070000132,-0.2871964,-0.9574654,0.027899593,0.0,0.055919886,-0.04583621,-0.99738264,0.0,0.95623815,-0.28488454,0.06670523,0.0,-0.088771686,0.27097535,0.5523665,1.0
3070326378,-0.26270497,-0.9645243,0.026046693,0.0,0.04780644,-0.03997302,-0.9980563,0.0,0.9636909,-0.2609494,0.056611836,0.0,-0.10301101,0.3081636,0.5470083,1.0
3070697964,-0.23565698,-0.9715862,0.022030264,0.0,0.03805062,-0.03187549,-0.998767,0.0,0.9710908,-0.23452842,0.044481397,0.0,-0.12016669,0.34811544,0.5415391,1.0
3071007345,-0.21640491,-0.97608614,0.02061209,0.0,0.029865831,-0.027721047,-0.99916947,0.0,0.9758469,-0.21560955,0.035150528,0.0,-0.13432801,0.3788458,0.53700066,1.0
3071340916,-0.19977212,-0.9795759,0.022856176,0.0,0.01860097,-0.027113676,-0.9994594,0.0,0.97966594,-0.1992389,0.023637474,0.0,-0.14941911,0.40925002,0.5323981,1.0
3071637278,-0.18814373,-0.98187166,0.023027718,0.0,0.007938564,-0.02496612,-0.9996569,0.0,0.9821096,-0.18789616,0.012491703,0.0,-0.16280822,0.43390444,0.5288672,1.0
3071962473,-0.16562653,-0.98600286,0.019132644,0.0,-0.0031026006,-0.018879414,-0.9998169,0.0,0.98618364,-0.16565561,6.788969e-05,0.0,-0.17728859,0.45974442,0.5257133,1.0
3072292240,-0.13029861,-0.99136615,0.014685512,0.0,-0.014486462,-0.012906671,-0.99981177,0.0,0.991369,-0.13048673,-0.012679696,0.0,-0.1918694,0.4843608,0.5231203,1.0
3072621189,-0.09412253,-0.9955043,0.010584682,0.0,-0.026758492,-0.008098364,-0.9996091,0.0,0.9952009,-0.094368964,-0.025875926,0.0,-0.2063649,0.5059251,0.52085066,1.0
3072971804,-0.058484554,-0.9982832,0.0032131374,0.0,-0.038642943,-0.000952363,-0.9992527,0.0,0.9975401,-0.05856493,-0.038520932,0.0,-0.22145757,0.52503383,0.5189464,1.0
3073283025,-0.029234767,-0.9995644,-0.004012376,0.0,-0.04729107,0.005392909,-0.99886644,0.0,0.99845314,-0.029012054,-0.047428012,0.0,-0.23422027,0.5383183,0.5175655,1.0
3073609318,-0.0067970753,-0.9999266,-0.010031611,0.0,-0.05643028,0.010399342,-0.99835247,0.0,0.9983835,-0.006219685,-0.05649686,0.0,-0.24667123,0.5488713,0.5155724,1.0
3073937571,0.01194793,-0.99982655,-0.014278263,0.0,-0.0646126,0.013477564,-0.9978193,0.0,0.99783874,0.012844324,-0.06444025,0.0,-0.25770378,0.5569168,0.5131165,1.0
3074273791,0.025451005,-0.999573,-0.014349788,0.0,-0.07094422,0.012512326,-0.9974017,0.0,0.9971554,0.026402831,-0.0705955,0.0,-0.2673744,0.562504,0.510379,1.0
3074613566,0.034325123,-0.9993248,-0.013104081,0.0,-0.07724431,0.010419846,-0.99695766,0.0,0.9964211,0.03523287,-0.07683444,0.0,-0.2754283,0.5661369,0.50740397,1.0
3074947483,0.039545774,-0.99915314,-0.011353612,0.0,-0.08370635,0.008010149,-0.9964582,0.0,0.99570537,0.04035595,-0.08331847,0.0,-0.28165278,0.5684966,0.50450295,1.0
3075277307,0.041144967,-0.99912626,-0.007330388,0.0,-0.089560926,0.0036191344,-0.9959747,0.0,0.995131,0.04163581,-0.08933377,0.0,-0.2861995,0.5698133,0.50170517,1.0
3075603623,0.03890288,-0.9992413,-0.00191769,0.0,-0.096425116,-0.0018439293,-0.9953387,0.0,0.9945798,0.038906574,-0.096423864,0.0,-0.28928012,0.57033294,0.49898052,1.0
3075934367,0.03303194,-0.9994515,0.002395451,0.0,-0.10498312,-0.005853176,-0.9944568,0.0,0.99392533,0.032597363,-0.10511899,0.0,-0.29108328,0.57052094,0.49635392,1.0
3076265113,0.024582267,-0.9996791,0.0060961843,0.0,-0.11438677,-0.008870602,-0.99339664,0.0,0.99313205,0.02372256,-0.114568114,0.0,-0.291683,0.5703892,0.49399,1.0
3076611637,0.012414455,-0.9998777,0.009526312,0.0,-0.12574518,-0.011012673,-0.99200153,0.0,0.991985,0.011117309,-0.12586665,0.0,-0.2912467,0.56974083,0.49162102,1.0
3076941846,-0.00053715706,-0.9999287,0.011914521,0.0,-0.13640055,-0.011729836,-0.9905842,0.0,0.9906535,-0.0021573901,-0.13638449,0.0,-0.28984886,0.56878227,0.48973405,1.0
3077309885,-0.013317227,-0.9998225,0.013337404,0.0,-0.14753747,-0.011227965,-0.98899287,0.0,0.98896694,-0.015138328,-0.14736187,0.0,-0.28736797,0.56767696,0.48819852,1.0
3078016421,-0.029014707,-0.9995385,0.008992314,0.0,-0.16171068,-0.004183769,-0.9868293,0.0,0.9864115,-0.030086786,-0.16151452,0.0,-0.279994,0.5664332,0.48760253,1.0
3078346141,-0.033985496,-0.99941254,0.004439354,0.0,-0.16544154,0.001245141,-0.98621887,0.0,0.9856339,-0.03425163,-0.16538668,0.0,-0.27521092,0.56620616,0.48824129,1.0
3078687533,-0.041549087,-0.9991363,0.0006047785,0.0,-0.16768119,0.0063762665,-0.9858208,0.0,0.98496544,-0.041061312,-0.16780138,0.0,-0.26918304,0.5656001,0.4893551,1.0
3079022278,-0.049096704,-0.9987913,-0.0023412704,0.0,-0.16999024,0.010665894,-0.98538804,0.0,0.98422194,-0.047981292,-0.17030847,0.0,-0.2623412,0.5649115,0.49068496,1.0
3079345640,-0.056417108,-0.9983947,-0.00503242,0.0,-0.1723826,0.01470536,-0.98492044,0.0,0.9834132,-0.054698765,-0.17293549,0.0,-0.2547633,0.56405646,0.49221426,1.0
3079691161,-0.06675959,-0.99774396,-0.007075101,0.0,-0.175405,0.018716335,-0.98431844,0.0,0.9822302,-0.06447178,-0.1762588,0.0,-0.24571255,0.5624179,0.4941735,1.0
3080016757,-0.0780015,-0.99691427,-0.008793652,0.0,-0.17986858,0.022748351,-0.9834274,0.0,0.980593,-0.07512733,-0.18108785,0.0,-0.23643595,0.56027645,0.49627763,1.0
3080339305,-0.09225297,-0.9956776,-0.010760456,0.0,-0.1866928,0.027910471,-0.9820219,0.0,0.9780774,-0.088585466,-0.18846083,0.0,-0.22659154,0.55728465,0.49856734,1.0
3081319503,-0.15700126,-0.9875901,-0.0040454865,0.0,-0.23280057,0.04098946,-0.9716603,0.0,0.95976794,-0.15161008,-0.23634696,0.0,-0.19388926,0.54593664,0.50511456,1.0
3082361716,-0.22590137,-0.9736621,0.030843884,0.0,-0.36757356,0.05587381,-0.92831475,0.0,0.9021412,-0.22104472,-0.37051463,0.0,-0.15977687,0.5365842,0.5046604,1.0
3082705298,-0.24213076,-0.9688152,0.052630514,0.0,-0.43629003,0.060267687,-0.89778554,0.0,0.86661637,-0.24034354,-0.43727708,0.0,-0.15016444,0.53333366,0.5016347,1.0
3083516569,-0.25134706,-0.96157885,0.11041096,0.0,-0.62014544,0.07240766,-0.78113806,0.0,0.7431313,-0.2648077,-0.61451817,0.0,-0.13198878,0.5256483,0.49066293,1.0
3083865643,-0.25328612,-0.9581752,0.13321662,0.0,-0.6896044,0.082258224,-0.7194995,0.0,0.6784484,-0.2741059,-0.68159676,0.0,-0.12508534,0.5222822,0.48603535,1.0
3084224406,-0.25645983,-0.9539293,0.15571657,0.0,-0.74490225,0.09240568,-0.66074365,0.0,0.6159135,-0.28544766,-0.7342825,0.0,-0.11713059,0.5199169,0.48184794,1.0
3084585373,-0.25684083,-0.95026946,0.17612772,0.0,-0.7866181,0.09967017,-0.6093422,0.0,0.5614845,-0.29504916,-0.7730986,0.0,-0.10804726,0.51905257,0.47766322,1.0
3085352656,-0.25708663,-0.942557,0.21328932,0.0,-0.840886,0.109414816,-0.5300366,0.0,0.47625285,-0.3156175,-0.820712,0.0,-0.08640958,0.5189943,0.46706983,1.0
3085790574,-0.2535951,-0.93758434,0.23796113,0.0,-0.8625366,0.107823014,-0.49437335,0.0,0.43785894,-0.33062074,-0.8360443,0.0,-0.07477474,0.51738465,0.45990956,1.0
3085983140,-0.25065446,-0.9354231,0.24931154,0.0,-0.8711652,0.10564059,-0.47949073,0.0,0.4221892,-0.33737794,-0.8413874,0.0,-0.07051511,0.5162983,0.4561985,1.0
3086660527,-0.2326684,-0.9299865,0.28458792,0.0,-0.89942765,0.09443349,-0.42674586,0.0,0.36999333,-0.3552566,-0.85842717,0.0,-0.057143778,0.51148796,0.4421431,1.0
3086982804,-0.22426605,-0.9266299,0.30176353,0.0,-0.911152,0.08953273,-0.4022258,0.0,0.34569687,-0.3651582,-0.86437976,0.0,-0.05246423,0.50892246,0.43460336,1.0
3087323836,-0.21426678,-0.92312956,0.31925136,0.0,-0.9227159,0.08406675,-0.37620208,0.0,0.32044488,-0.375186,-0.869799,0.0,-0.048659757,0.506568,0.42577723,1.0
3087663401,-0.20428634,-0.9202541,0.33376554,0.0,-0.9327673,0.07954538,-0.35159323,0.0,0.29700562,-0.38315126,-0.87463295,0.0,-0.04579553,0.5046691,0.41608036,1.0
3087995113,-0.19341588,-0.91747624,0.347603,0.0,-0.94227034,0.075000346,-0.326346,0.0,0.2733443,-0.39065644,-0.8790169,0.0,-0.044310972,0.50292873,0.40577388,1.0
3088329240,-0.18126786,-0.914688,0.3612302,0.0,-0.9516947,0.07059157,-0.29882035,0.0,0.24782771,-0.39794758,-0.8832996,0.0,-0.04408142,0.50089264,0.39459038,1.0
3088672742,-0.16824746,-0.910962,0.37661773,0.0,-0.96045434,0.065505385,-0.27062228,0.0,0.22185618,-0.40725568,-0.88595855,0.0,-0.04493326,0.49832207,0.38216573,1.0
3088995365,-0.15572536,-0.9070125,0.39125165,0.0,-0.9677263,0.060638487,-0.2445991,0.0,0.19812956,-0.41671485,-0.8871827,0.0,-0.04646483,0.49563166,0.36970997,1.0
3089326425,-0.14353633,-0.9026628,0.4057057,0.0,-0.97384113,0.055859327,-0.22025698,0.0,0.17615537,-0.4267078,-0.88706803,0.0,-0.048500836,0.4926532,0.3560087,1.0
3089669254,-0.13301253,-0.8972535,0.4210034,0.0,-0.9785502,0.05146748,-0.19947588,0.0,0.15731244,-0.43850577,-0.8848535,0.0,-0.050904587,0.48949337,0.3406527,1.0
3089985947,-0.123449326,-0.8928366,0.43313187,0.0,-0.9816321,0.045891166,-0.18518242,0.0,0.14546067,-0.44803676,-0.88210225,0.0,-0.053094476,0.4871418,0.325178,1.0
3090318585,-0.11075878,-0.89049125,0.44131368,0.0,-0.9841914,0.036528468,-0.17329983,0.0,0.13820148,-0.45353162,-0.88045967,0.0,-0.055338323,0.48649424,0.30711895,1.0
3090651061,-0.09485364,-0.8884562,0.44905275,0.0,-0.986485,0.023348987,-0.16217938,0.0,0.13360436,-0.45836708,-0.87866354,0.0,-0.057742536,0.48643866,0.28781402,1.0
3090979716,-0.07710755,-0.88697356,0.45533752,0.0,-0.9884415,0.008216202,-0.1513796,0.0,0.13052858,-0.46174705,-0.8773551,0.0,-0.060058594,0.48625782,0.2675094,1.0
3091317613,-0.060565352,-0.88456,0.46247724,0.0,-0.9900073,-0.005877733,-0.14089255,0.0,0.1273463,-0.46638912,-0.8753648,0.0,-0.06207992,0.48577335,0.24549615,1.0
3091656287,-0.045532346,-0.8830499,0.4670649,0.0,-0.99111813,-0.018546104,-0.13168442,0.0,0.12494615,-0.46891242,-0.87436223,0.0,-0.06363936,0.48509452,0.2219233,1.0
3091981390,-0.03340125,-0.88164663,0.47072634,0.0,-0.99175763,-0.029054046,-0.124789104,0.0,0.123696476,-0.47101462,-0.8734094,0.0,-0.06457585,0.4841277,0.19793032,1.0
3092321560,-0.024256468,-0.88019466,0.4739924,0.0,-0.992172,-0.03690219,-0.119301096,0.0,0.122499585,-0.47317588,-0.87240934,0.0,-0.06493318,0.4823232,0.17154324,1.0
3092671058,-0.017480254,-0.878583,0.47726935,0.0,-0.99247605,-0.042607903,-0.11478527,0.0,0.12118392,-0.47568494,-0.87122774,0.0,-0.06475963,0.47950014,0.14334343,1.0
3093023301,-0.012104273,-0.8753313,0.4833725,0.0,-0.9928043,-0.04707551,-0.11010873,0.0,0.11913653,-0.48122698,-0.8684628,0.0,-0.06436005,0.4752603,0.11442925,1.0
3094078518,0.005970955,-0.8615772,0.50759155,0.0,-0.99413294,-0.05993676,-0.09004116,0.0,0.108000755,-0.5040758,-0.8568802,0.0,-0.06240295,0.45459682,0.028905896,1.0
3094401453,0.011129141,-0.85560226,0.5175145,0.0,-0.994195,-0.06485844,-0.08584912,0.0,0.10701777,-0.5135548,-0.85135734,0.0,-0.061446868,0.4473144,0.005354002,1.0
3094709821,0.015275896,-0.84968925,0.5270628,0.0,-0.9942049,-0.06900656,-0.08243154,0.0,0.106411904,-0.52274907,-0.84581923,0.0,-0.059802197,0.43930098,-0.017276185,1.0
3095325874,0.021422386,-0.83779407,0.5455659,0.0,-0.99375534,-0.07761359,-0.080165595,0.0,0.109505594,-0.54044163,-0.83422506,0.0,-0.05544348,0.422466,-0.059145078,1.0
3095651043,0.023315549,-0.83307004,0.55267596,0.0,-0.9935174,-0.08083415,-0.07993144,0.0,0.11126359,-0.5472295,-0.8295542,0.0,-0.052924566,0.41347748,-0.07973737,1.0
3096058402,0.025532842,-0.8276497,0.5606642,0.0,-0.99312675,-0.085085034,-0.080374405,0.0,0.114225894,-0.5547583,-0.8241335,0.0,-0.04950497,0.40229395,-0.10396215,1.0
3096382054,0.025942266,-0.8248547,0.5647493,0.0,-0.9927717,-0.0874809,-0.082167774,0.0,0.11718123,-0.55853546,-0.82116187,0.0,-0.046699595,0.3933908,-0.12210691,1.0
3097733224,0.023138821,-0.80242974,0.59629774,0.0,-0.9921505,-0.09174931,-0.08496654,0.0,0.12288965,-0.5896511,-0.798254,0.0,-0.036266528,0.3551355,-0.18427259,1.0
3098059733,0.021707594,-0.79675275,0.60391563,0.0,-0.9923677,-0.090515375,-0.08374712,0.0,0.121389315,-0.5974884,-0.79263663,0.0,-0.034727044,0.34689465,-0.19597684,1.0
3098739629,0.018191993,-0.78607494,0.617863,0.0,-0.9930039,-0.08631432,-0.08057651,0.0,0.116669774,-0.61207473,-0.7821456,0.0,-0.033068728,0.3323384,-0.21606997,1.0
3099054547,0.01639247,-0.7832039,0.6215488,0.0,-0.9935499,-0.08251858,-0.07777682,0.0,0.11220443,-0.6162648,-0.7795049,0.0,-0.033334196,0.32703164,-0.22385167,1.0
3099408152,0.013942599,-0.7798953,0.6257546,0.0,-0.99410224,-0.07812226,-0.07521638,0.0,0.10754633,-0.6210154,-0.77638483,0.0,-0.03395794,0.32171106,-0.23130791,1.0
3099793409,0.012978792,-0.7771798,0.6291447,0.0,-0.9945393,-0.07519364,-0.072369814,0.0,0.10355204,-0.6247699,-0.7739117,0.0,-0.034968168,0.3164825,-0.23833932,1.0
3100103260,0.014206886,-0.77534777,0.63137484,0.0,-0.99484557,-0.07436538,-0.06893712,0.0,0.10040262,-0.62714106,-0.77240777,0.0,-0.03587137,0.31266227,-0.2434282,1.0
3100422584,0.015179515,-0.7709257,0.63674414,0.0,-0.99498254,-0.074628234,-0.06663507,0.0,0.09888977,-0.63253784,-0.7681905,0.0,-0.036720343,0.30882746,-0.2477298,1.0
3100742301,0.015817285,-0.7661211,0.6425017,0.0,-0.9949489,-0.07576656,-0.06585023,0.0,0.09912935,-0.6382147,-0.7634498,0.0,-0.037413213,0.30540675,-0.25137174,1.0
3101034803,0.015468478,-0.7627285,0.6465336,0.0,-0.9949371,-0.07595754,-0.06580478,0.0,0.099300355,-0.6422425,-0.76004183,0.0,-0.038014095,0.30285314,-0.25427812,1.0
3101333418,0.013974786,-0.75954354,0.6503062,0.0,-0.99490833,-0.075481415,-0.066780776,0.0,0.09980902,-0.6460619,-0.75673103,0.0,-0.038599133,0.3006286,-0.25675407,1.0
3101662724,0.012115717,-0.75595367,0.654513,0.0,-0.99486125,-0.074914575,-0.06810948,0.0,0.10052022,-0.65032434,-0.75297666,0.0,-0.03927011,0.29869062,-0.25891802,1.0
3102018221,0.010301232,-0.75298715,0.6579547,0.0,-0.9947163,-0.07493031,-0.070179075,0.0,0.10214463,-0.6537553,-0.74978054,0.0,-0.040010557,0.2972299,-0.26073334,1.0
3102344550,0.008307517,-0.75090885,0.66035366,0.0,-0.9945501,-0.07483888,-0.072589606,0.0,0.10392827,-0.6561518,-0.7474382,0.0,-0.04085748,0.2963797,-0.26201457,1.0
3102661541,0.008009434,-0.7491165,0.6623899,0.0,-0.9944257,-0.07561207,-0.07348743,0.0,0.1051352,-0.65810895,-0.74554634,0.0,-0.041912597,0.29598698,-0.2628682,1.0
3102982848,0.008706093,-0.7493672,0.6620975,0.0,-0.99447507,-0.07575679,-0.07266548,0.0,0.104611516,-0.6578069,-0.74588656,0.0,-0.043232862,0.29615134,-0.26353848,1.0
