timestamp,pose 00,pose 01,pose 02,pose 03,pose 10,pose 11,pose 12,pose 13,pose 20,pose 21,pose 22,pose 23,pose 30,pose 31,pose 32,pose 33
3001753587,-0.18987894,-0.86485296,0.46473113,0.0,-0.89717954,-0.039407134,-0.43990415,0.0,0.39876625,-0.50047594,-0.76844573,0.0,-0.5736361,0.47906995,0.4123388,1.0
3002082826,-0.19245481,-0.8679639,0.4578209,0.0,-0.89290535,-0.038627863,-0.4485846,0.0,0.40703976,-0.49512294,-0.7675755,0.0,-0.57531583,0.48091316,0.41464773,1.0
3003072760,-0.20626068,-0.86656433,0.45444822,0.0,-0.885331,-0.03251362,-0.46382365,0.0,0.41670865,-0.49800548,-0.76049006,0.0,-0.5810624,0.481976,0.41936472,1.0
3003733180,-0.21003425,-0.864162,0.45728534,0.0,-0.8848688,-0.030897379,-0.4648148,0.0,0.41580415,-0.50226444,-0.7581805,0.0,-0.58594996,0.48165601,0.4215896,1.0
3004063202,-0.21108568,-0.86385876,0.45737424,0.0,-0.8858424,-0.028731465,-0.46309623,0.0,0.41319063,-0.5029143,-0.75917804,0.0,-0.58876157,0.48159492,0.42274034,1.0
3004394033,-0.21059525,-0.86466545,0.4560734,0.0,-0.8871129,-0.026970029,-0.46076354,0.0,0.41070676,-0.50162333,-0.76137614,0.0,-0.591571,0.48189107,0.42406002,1.0
3004722944,-0.20874882,-0.8670706,0.45234123,0.0,-0.8885192,-0.025100589,-0.45815247,0.0,0.40860453,-0.49755257,-0.76516914,0.0,-0.59431416,0.48256728,0.42550296,1.0
3005382341,-0.20777178,-0.8699754,0.4471839,0.0,-0.8911775,-0.020121932,-0.45320806,0.0,0.40327817,-0.49268422,-0.7711216,0.0,-0.59967303,0.4834694,0.42888185,1.0
3005713345,-0.2077676,-0.87056386,0.44603917,0.0,-0.8927423,-0.017613888,-0.45022297,0.0,0.39980438,-0.49173993,-0.7735295,0.0,-0.6025373,0.48361862,0.430683,1.0
3006043250,-0.20745444,-0.8710903,0.44515684,0.0,-0.8942319,-0.015635848,-0.44733098,0.0,0.39662597,-0.49087414,-0.7757131,0.0,-0.6054105,0.48358616,0.43250844,1.0
3006372683,-0.20699716,-0.8709277,0.4456873,0.0,-0.8958868,-0.014309287,-0.44405207,0.0,0.3931147,-0.49120286,-0.7772906,0.0,-0.60837436,0.48339382,0.4344377,1.0
3006703325,-0.20600402,-0.87128216,0.4454545,0.0,-0.8976492,-0.012983084,-0.44051927,0.0,0.38959995,-0.49061066,-0.7794312,0.0,-0.6113248,0.48349607,0.43639457,1.0
3007034869,-0.20465446,-0.87252885,0.4436323,0.0,-0.89930624,-0.011342168,-0.43717194,0.0,0.386477,-0.48843062,-0.78234935,0.0,-0.6142097,0.4838408,0.43834823,1.0
3007363607,-0.20390439,-0.8731816,0.4426929,0.0,-0.9005618,-0.010045052,-0.434612,0.0,0.38394204,-0.4872916,-0.7843057,0.0,-0.61695105,0.48397198,0.44036865,1.0
3007692947,-0.20443046,-0.872202,0.44437858,0.0,-0.90141696,-0.009257078,-0.4328535,0.0,0.38164917,-0.48905864,-0.78432536,0.0,-0.6196139,0.48377618,0.4425993,1.0
3008025487,-0.2042365,-0.8720337,0.44479772,0.0,-0.90217066,-0.00869441,-0.431292,0.0,0.37996832,-0.48936886,-0.78494763,0.0,-0.6223649,0.483717,0.44488,1.0
3008362627,-0.20363414,-0.87123126,0.44664168,0.0,-0.9031275,-0.008982301,-0.42927817,0.0,0.3780126,-0.49079022,-0.78500366,0.0,-0.6252939,0.4834554,0.44733882,1.0
3008685116,-0.20295417,-0.870013,0.4493183,0.0,-0.9040048,-0.009851575,-0.42740875,0.0,0.3762777,-0.4929303,-0.78449655,0.0,-0.62814635,0.48298198,0.44988012,1.0
3010007810,-0.20116937,-0.8657975,0.45817608,0.0,-0.9101448,-0.0077283382,-0.4142179,0.0,0.36216986,-0.5003346,-0.78644633,0.0,-0.63997895,0.48089087,0.46111906,1.0
3010333626,-0.20103288,-0.86496425,0.4598073,0.0,-0.91156876,-0.006669283,-0.4110937,0.0,0.3586479,-0.5017893,-0.7871337,0.0,-0.64258873,0.48035833,0.46379226,1.0
3010665061,-0.20121527,-0.8633613,0.4627305,0.0,-0.9127397,-0.0062146187,-0.4084943,0.0,0.35555395,-0.50454783,-0.78677356,0.0,-0.64500237,0.47966054,0.46649545,1.0
3010993058,-0.2016561,-0.86212236,0.46484417,0.0,-0.9134347,-0.005760908,-0.4069449,0.0,0.35351413,-0.50666755,-0.7863308,0.0,-0.6471658,0.47910777,0.46905333,1.0
3011323031,-0.20132673,-0.86216784,0.46490234,0.0,-0.9139991,-0.0053235292,-0.40568134,0.0,0.35224032,-0.50659484,-0.7869489,0.0,-0.649204,0.47880325,0.47135392,1.0
3011983560,-0.20011985,-0.8604763,0.46854335,0.0,-0.91621584,-0.0050792694,-0.40065318,0.0,0.34713233,-0.5094654,-0.7873657,0.0,-0.65362483,0.4777561,0.47545224,1.0
3012312520,-0.19801426,-0.86003494,0.47024506,0.0,-0.91798675,-0.0054790974,-0.39657333,0.0,0.34364343,-0.51020586,-0.7884158,0.0,-0.6559789,0.47728682,0.47716355,1.0
3012647794,-0.19559646,-0.85969347,0.47187862,0.0,-0.9199789,-0.0058119297,-0.39192495,0.0,0.33967778,-0.5107775,-0.789763,0.0,-0.6584755,0.4768871,0.47866467,1.0
3012977532,-0.1928997,-0.85914725,0.47397852,0.0,-0.9220404,-0.0065027475,-0.38703895,0.0,0.33560562,-0.51168704,-0.7909142,0.0,-0.66092086,0.4765653,0.47995463,1.0
3013304141,-0.18950689,-0.85978323,0.47419393,0.0,-0.92379826,-0.0075113773,-0.38280585,0.0,0.3326919,-0.51060385,-0.79284286,0.0,-0.66317874,0.4764558,0.4808831,1.0
3013635211,-0.18610895,-0.86075187,0.47378218,0.0,-0.9252114,-0.008759022,-0.37935057,0.0,0.33067662,-0.5089493,-0.79474735,0.0,-0.66522527,0.47648585,0.4815845,1.0
3013962901,-0.1826241,-0.86130565,0.4741318,0.0,-0.92634016,-0.010859489,-0.37653133,0.0,0.32945743,-0.50797105,-0.79587877,0.0,-0.6670332,0.47643262,0.48203003,1.0
3014293747,-0.17881119,-0.8619113,0.47448418,0.0,-0.9273257,-0.0135115385,-0.37401092,0.0,0.32877538,-0.50687885,-0.7968564,0.0,-0.6686569,0.47632778,0.48216233,1.0
3014624376,-0.17519772,-0.86225563,0.47520623,0.0,-0.92824453,-0.016200066,-0.37161753,0.0,0.3281277,-0.50621414,-0.7975459,0.0,-0.6701387,0.47610477,0.4820006,1.0
3014956504,-0.17185259,-0.8621933,0.47653896,0.0,-0.9291821,-0.018822312,-0.3691427,0.0,0.32724196,-0.5062296,-0.79789984,0.0,-0.67139137,0.47575217,0.4815207,1.0
3015283493,-0.16892052,-0.86192614,0.4780683,0.0,-0.9301626,-0.02101183,-0.3665462,0.0,0.32598084,-0.5065984,-0.79818213,0.0,-0.6724307,0.4754116,0.4807869,1.0
3015612632,-0.16668797,-0.8616729,0.47930685,0.0,-0.9310521,-0.02247405,-0.36419362,0.0,0.32458773,-0.5069663,-0.79851604,0.0,-0.6732234,0.47511625,0.47985017,1.0
3015943802,-0.16473055,-0.8611148,0.48098347,0.0,-0.9318221,-0.024008512,-0.36212015,0.0,0.32337478,-0.5078434,-0.7984508,0.0,-0.67372197,0.47478163,0.47871795,1.0
3016273337,-0.1629622,-0.8607067,0.4823147,0.0,-0.9323914,-0.025506735,-0.3605493,0.0,0.3226294,-0.5084619,-0.7983589,0.0,-0.67389464,0.47451127,0.47734743,1.0
3016616418,-0.16151881,-0.8603261,0.48347813,0.0,-0.9327658,-0.026898265,-0.3594787,0.0,0.3222735,-0.5090342,-0.79813826,0.0,-0.6737708,0.4742806,0.47581717,1.0
3016936290,-0.16079366,-0.8595415,0.48511198,0.0,-0.93298763,-0.027978659,-0.35881907,0.0,0.32199273,-0.5102994,-0.7974427,0.0,-0.67345494,0.47404373,0.47433752,1.0
3017269449,-0.16000473,-0.8590596,0.48622516,0.0,-0.9330754,-0.029119015,-0.35849983,0.0,0.3221312,-0.51104647,-0.79690814,0.0,-0.67296344,0.47382653,0.47270757,1.0
3017596404,-0.15922713,-0.8580935,0.48818272,0.0,-0.9332926,-0.030393243,-0.3578284,0.0,0.32188767,-0.51259327,-0.7960129,0.0,-0.67241496,0.47344497,0.47108984,1.0
3017939269,-0.15888262,-0.8566653,0.49079624,0.0,-0.93359846,-0.031349182,-0.35694695,0.0,0.32117012,-0.5149193,-0.7948005,0.0,-0.67177963,0.4730125,0.46944156,1.0
3018252045,-0.15839255,-0.85588807,0.49230838,0.0,-0.93398434,-0.03186369,-0.35589042,0.0,0.32028908,-0.51617867,-0.79433906,0.0,-0.6711196,0.47270274,0.46798486,1.0
3018585690,-0.15827239,-0.85504216,0.49381417,0.0,-0.9343836,-0.031967163,-0.35483128,0.0,0.31918168,-0.517572,-0.7938777,0.0,-0.67027813,0.4724698,0.46651417,1.0
3018913902,-0.15872848,-0.8544955,0.49461365,0.0,-0.93453956,-0.031574845,-0.3544556,0.0,0.31849808,-0.51849824,-0.7935481,0.0,-0.6692104,0.4723744,0.46519294,1.0
3019243997,-0.1598177,-0.8545402,0.4941855,0.0,-0.93439364,-0.030508041,-0.35493356,0.0,0.3183816,-0.51848847,-0.79360116,0.0,-0.6679344,0.4724793,0.4638784,1.0
3019571963,-0.16155636,-0.85446763,0.4937457,0.0,-0.9341427,-0.028931737,-0.35572523,0.0,0.31824055,-0.5186986,-0.7935207,0.0,-0.6665539,0.47263828,0.46268016,1.0
3019903399,-0.16312909,-0.85419786,0.49369484,0.0,-0.93380797,-0.027821302,-0.35669076,0.0,0.3184198,-0.51920295,-0.79311824,0.0,-0.66508514,0.47281927,0.46155927,1.0
3020233187,-0.16403008,-0.8543665,0.49310434,0.0,-0.9334374,-0.027240753,-0.35770428,0.0,0.31904316,-0.51895636,-0.7930293,0.0,-0.66357934,0.47305793,0.46047676,1.0
3020564206,-0.1652708,-0.8539432,0.49342328,0.0,-0.9330238,-0.02675569,-0.35881853,0.0,0.31961256,-0.5196779,-0.7923274,0.0,-0.66205263,0.4731672,0.45942628,1.0
3020893457,-0.16733706,-0.85324633,0.49393177,0.0,-0.9323666,-0.025883436,-0.3605859,0.0,0.3204534,-0.520865,-0.7912071,0.0,-0.66036165,0.47319788,0.4585086,1.0
3021226349,-0.17036653,-0.8528907,0.49351066,0.0,-0.93122524,-0.024392605,-0.36362705,0.0,0.3221721,-0.5215194,-0.7900777,0.0,-0.65842426,0.47331455,0.45765966,1.0
3021555099,-0.17513752,-0.85288626,0.4918449,0.0,-0.9293243,-0.02174449,-0.36862317,0.0,0.32508868,-0.5216434,-0.78879964,0.0,-0.6561471,0.47353092,0.45701343,1.0
3021886119,-0.1820916,-0.8523908,0.4901761,0.0,-0.9262876,-0.018552184,-0.3763604,0.0,0.3299,-0.5225761,-0.78618073,0.0,-0.65340275,0.4737866,0.45668787,1.0
3022213754,-0.18978477,-0.8527015,0.48670518,0.0,-0.92219645,-0.0153080225,-0.38641867,0.0,0.33695024,-0.5221741,-0.783453,0.0,-0.650225,0.47418052,0.45665503,1.0
3022544365,-0.19919825,-0.8539175,0.4807756,0.0,-0.91629016,-0.011655927,-0.40034577,0.0,0.34746605,-0.5202781,-0.7801144,0.0,-0.64646304,0.47486594,0.45683485,1.0
3022872931,-0.20949352,-0.8549512,0.47452193,0.0,-0.90879875,-0.008837104,-0.41714126,0.0,0.36082882,-0.5186333,-0.7751272,0.0,-0.6423198,0.47560322,0.45743972,1.0
3023206726,-0.22221327,-0.85687923,0.465166,0.0,-0.8984463,-0.005350828,-0.43905097,0.0,0.3787026,-0.5154896,-0.76867104,0.0,-0.63744366,0.47665733,0.45846468,1.0
3023533120,-0.23672068,-0.8592966,0.4534009,0.0,-0.88427824,-0.0027804375,-0.46695182,0.0,0.40251088,-0.51146984,-0.75919914,0.0,-0.63165355,0.4778443,0.45999926,1.0
3023863159,-0.25678515,-0.86201847,0.43701926,0.0,-0.8630433,0.0010039806,-0.5051291,0.0,0.43499175,-0.5068761,-0.74421716,0.0,-0.6243998,0.47929314,0.4623907,1.0
3024192580,-0.28172815,-0.8656888,0.41377786,0.0,-0.8278487,0.0012933016,-0.56095,0.0,0.485073,-0.50058085,-0.7170236,0.0,-0.6142333,0.48108584,0.46611714,1.0
3024524711,-0.30931818,-0.8705383,0.38273445,0.0,-0.7748608,-0.0025941133,-0.63212675,0.0,0.55128324,-0.4920941,-0.6737437,0.0,-0.60114324,0.4828488,0.47168833,1.0
3024856293,-0.33981395,-0.87483245,0.3452466,0.0,-0.70332986,-0.0073263645,-0.71082616,0.0,0.624383,-0.4843707,-0.6128063,0.0,-0.5862136,0.4844716,0.47953108,1.0
3025183782,-0.36875665,-0.87827533,0.30438608,0.0,-0.6180764,-0.012901783,-0.7860122,0.0,0.69426227,-0.4779811,-0.53808355,0.0,-0.57101274,0.4857633,0.48959938,1.0
3025516874,-0.39509952,-0.88154423,0.25841096,0.0,-0.521453,-0.0163697,-0.85312307,0.0,0.7562958,-0.4718176,-0.4532163,0.0,-0.55623084,0.48685834,0.5016108,1.0
3026207027,-0.43729377,-0.88316673,0.16967833,0.0,-0.3244577,-0.021033168,-0.9456664,0.0,0.8387499,-0.46858746,-0.27735257,0.0,-0.5318872,0.48745772,0.5285032,1.0
3026502509,-0.44866085,-0.8830025,0.13787553,0.0,-0.2535478,-0.022172093,-0.9670686,0.0,0.85698116,-0.468844,-0.21393538,0.0,-0.5246897,0.48715425,0.53903943,1.0
3026832222,-0.4599197,-0.88139987,0.10774365,0.0,-0.18634453,-0.022832513,-0.98221934,0.0,0.8681878,-0.4718192,-0.15374327,0.0,-0.5183872,0.48624063,0.549504,1.0
3027205796,-0.47229886,-0.8777989,0.08001962,0.0,-0.12720528,-0.02195406,-0.99163353,0.0,0.87221146,-0.4785262,-0.101291895,0.0,-0.5128325,0.48472744,0.55935484,1.0
3027494823,-0.48088217,-0.87457013,0.062284917,0.0,-0.09238973,-0.02009821,-0.9955201,0.0,0.871904,-0.48448232,-0.071136475,0.0,-0.5096977,0.48339865,0.56576216,1.0
3027822405,-0.4884869,-0.8713741,0.04569149,0.0,-0.061914027,-0.017618775,-0.997926,0.0,0.8703718,-0.4903027,-0.045343757,0.0,-0.50649893,0.48207638,0.5718956,1.0
3028152217,-0.49418235,-0.8687534,0.032420218,0.0,-0.0395571,-0.014782906,-0.99910784,0.0,0.8684577,-0.49502409,-0.027059793,0.0,-0.50333714,0.48112768,0.57709104,1.0
3028491628,-0.49951732,-0.86602783,0.021869272,0.0,-0.023901135,-0.011457562,-0.9996487,0.0,0.86597407,-0.49986458,-0.014975786,0.0,-0.49981934,0.4803952,0.58128995,1.0
3028814959,-0.5043701,-0.8633732,0.014049411,0.0,-0.014310956,-0.007910252,-0.99986625,0.0,0.8633689,-0.5045037,-0.008365989,0.0,-0.49584913,0.48002127,0.5844412,1.0
3029478842,-0.5108185,-0.85968566,0.0022783875,0.0,-0.0042375624,-0.00013244152,-0.9999911,0.0,0.85967827,-0.51082355,-0.0035754442,0.0,-0.48541397,0.4803425,0.5892236,1.0
3029804664,-0.512799,-0.8585065,-0.0018321276,0.0,-0.0024315119,0.00358665,-0.99999046,0.0,0.858505,-0.51278985,-0.0039265156,0.0,-0.47895926,0.48050815,0.59089077,1.0
3030136435,-0.5131645,-0.85826623,-0.0064136684,0.0,-0.0007304251,0.007909298,-0.9999684,0.0,0.85828996,-0.51314366,-0.0046856403,0.0,-0.47118968,0.4806171,0.5923583,1.0
3030792966,-0.5131502,-0.8580737,-0.019660741,0.0,0.006814301,0.018832862,-0.9997995,0.0,0.85827184,-0.5131812,-0.0038170815,0.0,-0.45212555,0.4796867,0.5948169,1.0
3031453664,-0.53076553,-0.84652954,-0.040933788,0.0,0.024851441,0.032732368,-0.9991551,0.0,0.8471542,-0.53133434,0.0036643744,0.0,-0.4278637,0.47422922,0.5974256,1.0
3032111955,-0.5634973,-0.82337403,-0.067275226,0.0,0.049282014,0.047786593,-0.9976411,0.0,0.82464665,-0.56548357,0.013649881,0.0,-0.39890903,0.46434578,0.59792507,1.0
3032443148,-0.5820873,-0.8093108,-0.07867825,0.0,0.060695976,0.053244114,-0.9967352,0.0,0.8108577,-0.58496237,0.01812923,0.0,-0.38275874,0.45829666,0.59672433,1.0
3032775992,-0.6006143,-0.7945597,-0.0890927,0.0,0.07281473,0.056609154,-0.9957377,0.0,0.7962165,-0.6045414,0.023855269,0.0,-0.36528468,0.45217064,0.59477365,1.0
3033461496,-0.6285019,-0.77139544,-0.09967008,0.0,0.09787473,0.04868889,-0.9940069,0.0,0.7716253,-0.6344905,0.044899285,0.0,-0.32392472,0.44095945,0.5885651,1.0
3033781512,-0.6380211,-0.7637123,-0.098346025,0.0,0.10661933,0.038869917,-0.9935397,0.0,0.7626014,-0.6443852,0.056626976,0.0,-0.3024425,0.4357043,0.5848815,1.0
3034093396,-0.64992714,-0.75405264,-0.09486163,0.0,0.11330709,0.027284503,-0.9931851,0.0,0.7515023,-0.6562467,0.06770688,0.0,-0.2805515,0.4295757,0.5806336,1.0
3034757280,-0.6758698,-0.73244905,-0.08196321,0.0,0.12129125,-0.00084507465,-0.9926165,0.0,0.72697175,-0.6808211,0.08941102,0.0,-0.23066297,0.41279566,0.57006997,1.0
3035800313,-0.7249763,-0.68734384,-0.04436168,0.0,0.106933236,-0.048694253,-0.9930731,0.0,0.68042254,-0.7246982,0.10880196,0.0,-0.15288927,0.37224296,0.5514188,1.0
3036136381,-0.74039865,-0.67154765,-0.028870076,0.0,0.09639737,-0.06357777,-0.9933103,0.0,0.6652198,-0.7382286,0.11180842,0.0,-0.12972984,0.35595673,0.5465213,1.0
3036480356,-0.7580048,-0.65207183,-0.0152101815,0.0,0.08511406,-0.0757674,-0.99348634,0.0,0.646672,-0.7543618,0.112932324,0.0,-0.107428044,0.3377775,0.5425001,1.0
3036811592,-0.77436876,-0.632694,-0.007138759,0.0,0.07824868,-0.0845623,-0.9933409,0.0,0.62787724,-0.7697709,0.114990056,0.0,-0.08686693,0.31901127,0.5399827,1.0
3037147321,-0.79133534,-0.61138225,6.4998865e-05,0.0,0.07173392,-0.09295344,-0.993083,0.0,0.6071594,-0.7858571,0.117414236,0.0,-0.06704062,0.29834545,0.53859735,1.0
3037474217,-0.8143432,-0.5803771,0.0028160214,0.0,0.066028535,-0.0974648,-0.9930464,0.0,0.57661575,-0.80849445,0.11769104,0.0,-0.049866572,0.27639478,0.5381236,1.0
3037811634,-0.84060335,-0.54165006,-0.00096714497,0.0,0.06391454,-0.097417474,-0.99318904,0.0,0.5378668,-0.83494,0.11650896,0.0,-0.033719838,0.2528041,0.53867185,1.0
3038131173,-0.85786057,-0.5138433,-0.006376803,0.0,0.063458666,-0.09361386,-0.9935843,0.0,0.5099496,-0.85276127,0.11291522,0.0,-0.01829411,0.23029023,0.53983325,1.0
3038773505,-0.8838389,-0.46726006,-0.022288755,0.0,0.0678315,-0.080871224,-0.9944138,0.0,0.46284735,-0.8804135,0.103172064,0.0,0.010844067,0.18190002,0.5432541,1.0
3039126076,-0.8991157,-0.43661788,-0.03091,0.0,0.07165429,-0.07715511,-0.9944408,0.0,0.43180585,-0.8963324,0.100657105,0.0,0.025079444,0.15279351,0.5458033,1.0
3039863177,-0.918118,-0.39481688,-0.0343346,0.0,0.067785904,-0.071088314,-0.995164,0.0,0.39046678,-0.91600543,0.092030585,0.0,0.051994488,0.08625448,0.5508693,1.0
3040262986,-0.9282919,-0.370288,-0.03407535,0.0,0.06365657,-0.06795955,-0.9956553,0.0,0.36636347,-0.9264277,0.086657405,0.0,0.06317398,0.04692475,0.55425954,1.0
3040609111,-0.9327438,-0.35897988,-0.033520877,0.0,0.06041807,-0.06396961,-0.9961216,0.0,0.35544318,-0.93115085,0.08135551,0.0,0.071064666,0.01161997,0.5575756,1.0
3040944018,-0.93952906,-0.34099346,-0.031751618,0.0,0.05615972,-0.061946154,-0.99649817,0.0,0.3378325,-0.9380223,0.0773505,0.0,0.075988024,-0.023352236,0.5613333,1.0
3041820021,-0.94955945,-0.3116849,-0.034480363,0.0,0.052439347,-0.04942012,-0.99740034,0.0,0.30917063,-0.9488993,0.06327218,0.0,0.080698535,-0.11414712,0.5728427,1.0
3042147419,-0.9530971,-0.29990554,-0.040764377,0.0,0.055964038,-0.042263746,-0.9975376,0.0,0.29744428,-0.953032,0.057065785,0.0,0.079731196,-0.14733437,0.5780551,1.0
3042478593,-0.95569515,-0.28983277,-0.051415987,0.0,0.06390334,-0.033780217,-0.9973842,0.0,0.28733778,-0.956481,0.050804973,0.0,0.07803716,-0.18085587,0.5839213,1.0
3042817083,-0.9583287,-0.2781922,-0.06492082,0.0,0.07444974,-0.023814917,-0.99694026,0.0,0.27579495,-0.96023,0.04353404,0.0,0.07583183,-0.2157326,0.5901344,1.0
3043139007,-0.9618802,-0.26186907,-0.07881432,0.0,0.084786996,-0.011569619,-0.9963321,0.0,0.25999665,-0.9650343,0.033331335,0.0,0.07274367,-0.24950078,0.5956459,1.0
3043429575,-0.9653206,-0.24483511,-0.0906212,0.0,0.09352368,-0.00023007393,-0.9956171,0.0,0.24374115,-0.96956474,0.023119807,0.0,0.06940135,-0.28016114,0.6002805,1.0
3043948276,-0.97111726,-0.2137981,-0.105931334,0.0,0.104197495,0.019395351,-0.9943674,0.0,0.21464846,-0.9766852,0.0034422278,0.0,0.06245993,-0.3334763,0.60728467,1.0
3044344968,-0.9752283,-0.18778794,-0.11689682,0.0,0.112827316,0.032253325,-0.99309087,0.0,0.19026081,-0.9816798,-0.010266423,0.0,0.05650179,-0.37219313,0.6123918,1.0
3044572569,-0.9771738,-0.1727199,-0.12369206,0.0,0.11882821,0.038262248,-0.9921775,0.0,0.17610152,-0.98422766,-0.016865134,0.0,0.053173944,-0.39350152,0.61537766,1.0
3044865567,-0.97896516,-0.1547204,-0.13299996,0.0,0.127444,0.04533553,-0.9908092,0.0,0.15932801,-0.9869176,-0.024663806,0.0,0.048986927,-0.41936266,0.61897504,1.0
3045194406,-0.98021674,-0.13649757,-0.14333011,0.0,0.13801746,0.047670186,-0.9892819,0.0,0.14186715,-0.9894928,-0.02788806,0.0,0.0442999,-0.44641888,0.62249,1.0
3045515456,-0.98125243,-0.12204788,-0.14915568,0.0,0.1447156,0.044519663,-0.9884711,0.0,0.12728116,-0.9915251,-0.026022553,0.0,0.03997913,-0.4700302,0.6254406,1.0
3045871801,-0.9816029,-0.11409499,-0.15309544,0.0,0.14914899,0.042409003,-0.9879049,0.0,0.11920763,-0.9925643,-0.024611712,0.0,0.036717862,-0.49249905,0.62808603,1.0
3046176429,-0.98112154,-0.11573523,-0.15494102,0.0,0.15127045,0.039905787,-0.9876867,0.0,0.12049321,-0.9924783,-0.021645546,0.0,0.035286322,-0.50872356,0.62982106,1.0
3046575279,-0.98061836,-0.11810984,-0.15632583,0.0,0.1530542,0.03633684,-0.9875495,0.0,0.12231971,-0.9923355,-0.017555356,0.0,0.034216136,-0.52603394,0.6315892,1.0
3046868020,-0.97974014,-0.123803526,-0.15742308,0.0,0.15419984,0.035260737,-0.9874103,0.0,0.12779573,-0.99168,-0.015455961,0.0,0.034144476,-0.5371155,0.63292015,1.0
3048489106,-0.9703908,-0.1572585,-0.18333533,0.0,0.18340419,0.014199436,-0.9829352,0.0,0.15717816,-0.9874555,0.015062571,0.0,0.036617965,-0.5703102,0.64107215,1.0
3048826785,-0.9685465,-0.16518064,-0.18609752,0.0,0.18747105,0.007376313,-0.9822423,0.0,0.1636201,-0.98623556,0.023822665,0.0,0.037415773,-0.5717089,0.6418327,1.0
3049811165,-0.9647069,-0.18984099,-0.18248689,0.0,0.18493779,0.004878223,-0.98273826,0.0,0.1874542,-0.9818028,0.030402541,0.0,0.04021533,-0.567462,0.6411588,1.0
3050139533,-0.96226645,-0.20410463,-0.1799579,0.0,0.1827968,0.0050180554,-0.9831379,0.0,0.20156604,-0.97893625,0.032480955,0.0,0.041495636,-0.5646845,0.6410006,1.0
3050481351,-0.9598274,-0.21781348,-0.17688636,0.0,0.18037824,0.0039097667,-0.98358965,0.0,0.21493067,-0.97598267,0.03553593,0.0,0.042314827,-0.5621761,0.64114505,1.0
3050825798,-0.95720875,-0.23052722,-0.17495328,0.0,0.17901984,0.0033256412,-0.9838398,0.0,0.2273837,-0.9730602,0.03808564,0.0,0.042750865,-0.56008893,0.6413489,1.0
3051186397,-0.9544797,-0.2445443,-0.1707819,0.0,0.1755797,0.0022128224,-0.98446274,0.0,0.24112265,-0.9696356,0.04082489,0.0,0.042877927,-0.55820525,0.6413543,1.0
3051487577,-0.9527643,-0.25408882,-0.16637035,0.0,0.17196798,0.00018459558,-0.9851026,0.0,0.25033426,-0.9671809,0.04351926,0.0,0.042479932,-0.55684644,0.64139444,1.0
3051814578,-0.9502189,-0.26624167,-0.16186279,0.0,0.16852504,-0.0022097826,-0.9856949,0.0,0.26207536,-0.9639038,0.046968162,0.0,0.04198955,-0.55523556,0.6415432,1.0
3052150151,-0.9463351,-0.28212395,-0.15765713,0.0,0.1656772,-0.0046417713,-0.9861691,0.0,0.27749008,-0.9593667,0.05113429,0.0,0.041620255,-0.5528688,0.6415591,1.0
3052479468,-0.9436805,-0.2931332,-0.15342619,0.0,0.16271374,-0.0074113607,-0.98664534,0.0,0.2880814,-0.95604277,0.054691017,0.0,0.04064502,-0.55001396,0.64138544,1.0
3052822265,-0.9404936,-0.3059515,-0.1478692,0.0,0.15845743,-0.009918451,-0.9873159,0.0,0.3006042,-0.9519954,0.057808638,0.0,0.039599746,-0.54618955,0.6409941,1.0
3053139839,-0.93708074,-0.31831932,-0.14336032,0.0,0.15520377,-0.0120188,-0.98780924,0.0,0.31271577,-0.94790727,0.060667098,0.0,0.03843817,-0.54204744,0.6407637,1.0
3053864111,-0.9291835,-0.3426038,-0.13870865,0.0,0.15256694,-0.013692141,-0.9881981,0.0,0.33666125,-0.93938,0.064992905,0.0,0.03488925,-0.5314437,0.64082295,1.0
3054169538,-0.9256834,-0.35226822,-0.13790143,0.0,0.15233885,-0.013450742,-0.9882366,0.0,0.34626952,-0.9358023,0.06611562,0.0,0.03321761,-0.5263427,0.6412093,1.0
3054452491,-0.9217465,-0.36235845,-0.13813005,0.0,0.15350817,-0.01384306,-0.9880504,0.0,0.3561163,-0.93193597,0.06838471,0.0,0.03182748,-0.5213313,0.6417065,1.0
3054761710,-0.9160576,-0.37638995,-0.13845289,0.0,0.15545407,-0.015013576,-0.9877291,0.0,0.36969262,-0.92633975,0.07226449,0.0,0.030586392,-0.5157436,0.6422408,1.0
3055096066,-0.9102111,-0.3906965,-0.13737428,0.0,0.15644994,-0.017252564,-0.9875351,0.0,0.38345647,-0.9203578,0.07682812,0.0,0.029122189,-0.5096396,0.64286005,1.0
3055420292,-0.90348244,-0.40642083,-0.13616897,0.0,0.15779226,-0.019996643,-0.98727,0.0,0.39852417,-0.9134673,0.082196414,0.0,0.027727276,-0.50376934,0.64373624,1.0
3055748350,-0.8973582,-0.41990092,-0.13576432,0.0,0.1595935,-0.021961212,-0.98693866,0.0,0.4114349,-0.90730435,0.08672023,0.0,0.02597177,-0.4978882,0.6446876,1.0
3056077486,-0.8905988,-0.43405226,-0.13576508,0.0,0.16172263,-0.023244381,-0.98656243,0.0,0.4250639,-0.90058774,0.09089756,0.0,0.024100691,-0.49189597,0.64548486,1.0
3056410820,-0.884344,-0.4465419,-0.13614838,0.0,0.16421162,-0.024546266,-0.9861198,0.0,0.43700182,-0.89442605,0.09503454,0.0,0.02187249,-0.48596895,0.64631367,1.0
3056741346,-0.87721515,-0.46058327,-0.1354876,0.0,0.16539244,-0.02498126,-0.9859114,0.0,0.45070964,-0.8872649,0.09809089,0.0,0.019610375,-0.47965327,0.64676523,1.0
3057070579,-0.86791694,-0.47844538,-0.1334517,0.0,0.16532776,-0.024908781,-0.9859238,0.0,0.46838665,-0.8777637,0.10071945,0.0,0.017523706,-0.47283384,0.64684033,1.0
3057413454,-0.8591114,-0.4947431,-0.13098563,0.0,0.16502696,-0.025528789,-0.9859587,0.0,0.48445237,-0.8686644,0.10357779,0.0,0.015079558,-0.46588913,0.64679587,1.0
3057737194,-0.851068,-0.50888693,-0.12929532,0.0,0.16541971,-0.026163459,-0.9858762,0.0,0.49831668,-0.8604357,0.1064468,0.0,0.0127342045,-0.4598741,0.6467764,1.0
3058062538,-0.8440778,-0.5205488,-0.12869488,0.0,0.1666764,-0.026586175,-0.9856534,0.0,0.5096591,-0.8534181,0.10920358,0.0,0.010384589,-0.45464683,0.6467386,1.0
3058400670,-0.83938384,-0.5279108,-0.12940206,0.0,0.16875254,-0.026802063,-0.985294,0.0,0.51667917,-0.84887683,0.11158347,0.0,0.007828027,-0.4501915,0.6466847,1.0
3058717771,-0.8354199,-0.5338235,-0.13079183,0.0,0.1714805,-0.027073383,-0.98481554,0.0,0.5221767,-0.84516245,0.114157796,0.0,0.0057229996,-0.4465724,0.6466351,1.0
3059064536,-0.8318671,-0.53921276,-0.13132584,0.0,0.1731083,-0.027279615,-0.9845249,0.0,0.5272859,-0.84172755,0.11603534,0.0,0.0036917925,-0.44270983,0.64621145,1.0
3059396921,-0.8278971,-0.5456787,-0.12969458,0.0,0.172655,-0.02793777,-0.9845859,0.0,0.5336442,-0.83752847,0.11734408,0.0,0.0020007938,-0.43900543,0.64543086,1.0
3059717590,-0.8241925,-0.55200815,-0.12646659,0.0,0.17064895,-0.029149055,-0.9849006,0.0,0.5399868,-0.8333291,0.118224025,0.0,0.00044614077,-0.4355018,0.6444447,1.0
3060046221,-0.81987643,-0.55920166,-0.12286624,0.0,0.16778493,-0.029493332,-0.9853824,0.0,0.5474037,-0.8285069,0.11800647,0.0,-0.0010228753,-0.43191725,0.6432153,1.0
3060472280,-0.8150594,-0.5671497,-0.11840165,0.0,0.16386403,-0.029640198,-0.98603743,0.0,0.5557214,-0.8230811,0.11709416,0.0,-0.0029311478,-0.42755193,0.6419099,1.0
3061098528,-0.8061626,-0.5810304,-0.11182794,0.0,0.15831506,-0.029705882,-0.9869417,0.0,0.57012117,-0.8133395,0.11593366,0.0,-0.0052618682,-0.4217002,0.6399314,1.0
3061721795,-0.7989725,-0.59182256,-0.106719196,0.0,0.15410016,-0.029951215,-0.98760116,0.0,0.58128834,-0.8055116,0.115130186,0.0,-0.0071405917,-0.41714752,0.6382952,1.0
3062025778,-0.79509366,-0.5972787,-0.10528068,0.0,0.15336004,-0.030050397,-0.98771334,0.0,0.58677644,-0.8014705,0.11549163,0.0,-0.007706225,-0.41503626,0.6378464,1.0
3062350314,-0.7913133,-0.60235524,-0.10484032,0.0,0.15311015,-0.029217362,-0.9877771,0.0,0.59192955,-0.79769325,0.11534679,0.0,-0.007965416,-0.4122858,0.6372998,1.0
3062680651,-0.7875757,-0.6071054,-0.105585694,0.0,0.15403417,-0.028051376,-0.9876675,0.0,0.5966563,-0.79412633,0.11560714,0.0,-0.0075167567,-0.40842587,0.6366619,1.0
3063339549,-0.78331757,-0.6132839,-0.10147148,0.0,0.14999503,-0.028063059,-0.9882884,0.0,0.6032537,-0.78936386,0.11397183,0.0,-0.0044620037,-0.39523864,0.63338906,1.0
3063670448,-0.7821871,-0.6159003,-0.09407425,0.0,0.1422725,-0.02956307,-0.9893859,0.0,0.6065819,-0.7872692,0.11074966,0.0,-0.0022863,-0.38470408,0.63070464,1.0
3064331751,-0.768734,-0.6351155,-0.07534245,0.0,0.120414495,-0.028030038,-0.99232787,0.0,0.6281309,-0.77190846,0.098024786,0.0,0.0031021833,-0.35246295,0.62352014,1.0
3064669002,-0.75334954,-0.6542621,-0.066375226,0.0,0.109389365,-0.025146842,-0.99368083,0.0,0.6484586,-0.7558497,0.09051365,0.0,0.0057637244,-0.33012566,0.61904424,1.0
3065320526,-0.70752513,-0.7053721,-0.043111682,0.0,0.0881829,-0.027594447,-0.99572206,0.0,0.7011649,-0.7083,0.08172542,0.0,0.0093895495,-0.27920237,0.60937405,1.0
3065671815,-0.6821897,-0.73063976,-0.027981043,0.0,0.0753144,-0.032152176,-0.9966414,0.0,0.72728616,-0.68200576,0.07696158,0.0,0.009489328,-0.2488361,0.60341084,1.0
3066447577,-0.61898744,-0.78538656,0.0047270954,0.0,0.045814067,-0.042114615,-0.9980618,0.0,0.78406346,-0.61757123,0.062050223,0.0,0.00512892,-0.17196786,0.59092474,1.0
3066770366,-0.59082973,-0.8066824,0.013532847,0.0,0.037062943,-0.043893576,-0.9983483,0.0,0.8059442,-0.58935255,0.05583197,0.0,0.0014909208,-0.13597234,0.58642805,1.0
3067081859,-0.55771995,-0.82978606,0.020116717,0.0,0.030224532,-0.04452324,-0.9985514,0.0,0.82947934,-0.55630356,0.049910784,0.0,-0.002969563,-0.098932385,0.5823341,1.0
3067441078,-0.5195693,-0.8540902,0.024039626,0.0,0.029386014,-0.04598105,-0.99851006,0.0,0.85392296,-0.51808864,0.04898846,0.0,-0.009443119,-0.05463079,0.5786324,1.0
3067800207,-0.48392856,-0.8747269,0.025802344,0.0,0.034365207,-0.048457384,-0.9982338,0.0,0.8744323,-0.48218727,0.05351025,0.0,-0.017108992,-0.009337135,0.5758368,1.0
3068114585,-0.45312297,-0.8910513,0.026589394,0.0,0.039049715,-0.04963875,-0.99800354,0.0,0.8905923,-0.45118004,0.057287753,0.0,-0.024730623,0.030875608,0.57318467,1.0
3068421874,-0.4274764,-0.9036304,0.026760876,0.0,0.045161843,-0.05091071,-0.9976816,0.0,0.9028978,-0.42527667,0.06257272,0.0,-0.032977536,0.07054052,0.5708321,1.0
3068741634,-0.39944983,-0.9163884,0.025918752,0.0,0.05216679,-0.050947428,-0.9973378,0.0,0.9152695,-0.3970345,0.06815612,0.0,-0.04229583,0.11223486,0.56822574,1.0
3069041793,-0.36966038,-0.928812,0.025692493,0.0,0.057064116,-0.05029297,-0.9971032,0.0,0.92741334,-0.3671231,0.07159275,0.0,-0.05180669,0.15170735,0.5650707,1.0
3069353154,-0.3405974,-0.9397602,0.029051304,0.0,0.058769375,-0.052117825,-0.9969101,0.0,0.9383706,-0.33783782,0.072980404,0.0,-0.062843084,0.1918506,0.56126845,1.0
3069668378,-0.31433058,-0.9488284,0.030355245,0.0,0.05885583,-0.051392674,-0.9969429,0.0,0.9474876,-0.3115829,0.07199812,0.0,-0.07497437,0.23105802,0.5571339,1.0
3069996307,-0.28751314,-0.95736927,0.027933925,0.0,0.05598098,-0.04591322,-0.9973756,0.0,0.9561393,-0.28519484,0.06679511,0.0,-0.08860417,0.27052394,0.55242085,1.0
3070326815,-0.2626742,-0.96453303,0.02604574,0.0,0.04779321,-0.039966702,-0.99805737,0.0,0.96370023,-0.2609191,0.05659628,0.0,-0.10302846,0.30821186,0.54699916,1.0
3070704878,-0.23517442,-0.9717052,0.02195093,0.0,0.037883252,-0.03173101,-0.99877816,0.0,0.97121453,-0.23405558,0.044273734,0.0,-0.120487764,0.34883133,0.54144216,1.0
3071017872,-0.21585321,-0.9762074,0.020648062,0.0,0.029535174,-0.027664542,-0.99918073,0.0,0.9759789,-0.21506661,0.034804106,0.0,-0.13481013,0.37984556,0.53685516,1.0
3071340359,-0.19979668,-0.97957087,0.022852778,0.0,0.018621117,-0.027114749,-0.9994589,0.0,0.9796604,-0.19926313,0.023658156,0.0,-0.14939381,0.4092019,0.53240496,1.0
3071644256,-0.1878326,-0.9819324,0.022975594,0.0,0.0076904,-0.024861574,-0.9996614,0.0,0.98217106,-0.18759221,0.012221217,0.0,-0.16312358,0.43446484,0.52879554,1.0
3071972508,-0.16456914,-0.98618317,0.018972725,0.0,-0.003419727,-0.01866448,-0.99982005,0.0,0.9863597,-0.16460425,-0.00030100346,0.0,-0.1777298,0.46052563,0.5256323,1.0
3072301983,-0.12923777,-0.9915062,0.014576018,0.0,-0.014838815,-0.012763619,-0.9998082,0.0,0.99150234,-0.12942958,-0.013062954,0.0,-0.19229525,0.48506242,0.52303666,1.0
3072634807,-0.09268737,-0.99564123,0.010374635,0.0,-0.027255297,-0.007878542,-0.9995975,0.0,0.9953221,-0.09293288,-0.026406288,0.0,-0.20696206,0.5067633,0.52074265,1.0
3072971665,-0.058498383,-0.99828243,0.0032164156,0.0,-0.0386388,-0.00095546246,-0.9992529,0.0,0.99753964,-0.05857885,-0.03851664,0.0,-0.22145204,0.52502704,0.51894724,1.0
3073291379,-0.028564215,-0.999583,-0.0041855574,0.0,-0.04752174,0.005540669,-0.99885464,0.0,0.9984615,-0.02833274,-0.047659993,0.0,-0.2345551,0.53862786,0.51752573,1.0
3073620330,-0.0061047077,-0.9999292,-0.010225356,0.0,-0.056743175,0.010555387,-0.9983331,0.0,0.99837023,-0.0055142343,-0.056803703,0.0,-0.24706984,0.54917216,0.51550055,1.0
3073950112,0.012589812,-0.9998177,-0.01434806,0.0,-0.06488207,0.01350224,-0.99780154,0.0,0.99781346,0.013493061,-0.06470013,0.0,-0.25809497,0.5571624,0.5130223,1.0
3074281401,0.025677681,-0.9995677,-0.014326751,0.0,-0.07107991,0.01246953,-0.9973928,0.0,0.9971401,0.02662912,-0.07072902,0.0,-0.2675737,0.56259805,0.5103167,1.0
3074616219,0.034380913,-0.999323,-0.01309526,0.0,-0.07729724,0.010404825,-0.9969537,0.0,0.99641514,0.035288423,-0.07688725,0.0,-0.27548409,0.56615865,0.5073809,1.0
3074944823,0.039516628,-0.99915415,-0.011374384,0.0,-0.0836578,0.008035064,-0.9964621,0.0,0.99571073,0.040328354,-0.083269596,0.0,-0.2816099,0.5684835,0.5045258,1.0
3075277122,0.041145086,-0.9991262,-0.0073331,0.0,-0.08955753,0.003622055,-0.995975,0.0,0.9951313,0.04163614,-0.0893302,0.0,-0.28619748,0.5698131,0.50170684,1.0
3075605896,0.038870215,-0.99924254,-0.0018820763,0.0,-0.0964804,-0.0018783808,-0.99533314,0.0,0.9945756,0.038870394,-0.09648037,0.0,-0.28929478,0.57033265,0.4989606,1.0
3075939809,0.032921672,-0.999455,0.0024543405,0.0,-0.10512987,-0.005905032,-0.99444103,0.0,0.9939135,0.032480627,-0.10526705,0.0,-0.2910997,0.5705202,0.49631205,1.0
3076271987,0.024364889,-0.9996842,0.0061717033,0.0,-0.11460152,-0.008925915,-0.99337155,0.0,0.9931128,0.02349621,-0.11478293,0.0,-0.2916804,0.5703793,0.49393904,1.0
3076608961,0.012516379,-0.9998765,0.009503067,0.0,-0.12565652,-0.011001229,-0.99201274,0.0,0.9919948,0.0112222135,-0.12577868,0.0,-0.2912559,0.5697482,0.49163932,1.0
3077310314,-0.013329744,-0.9998222,0.013337761,0.0,-0.14754921,-0.011226177,-0.988991,0.0,0.9889649,-0.015150994,-0.14737344,0.0,-0.28736413,0.5676755,0.48819697,1.0
3078019525,-0.029056072,-0.99953794,0.008950263,0.0,-0.16175506,-0.004134536,-0.98682255,0.0,0.98640335,-0.03012067,-0.1615603,0.0,-0.2799512,0.5664305,0.48760372,1.0
3078347503,-0.034011364,-0.99941164,0.004422426,0.0,-0.16545242,0.0012665391,-0.9862169,0.0,0.9856311,-0.03427431,-0.16539812,0.0,-0.27518803,0.5662042,0.48824385,1.0
3078689477,-0.0415951,-0.99913424,0.00058603287,0.0,-0.16769308,0.006403208,-0.9858183,0.0,0.9849612,-0.04110366,-0.16781402,0.0,-0.26914543,0.56559545,0.48936036,1.0
3079027502,-0.04920578,-0.99878573,-0.0023870766,0.0,-0.17002892,0.010731697,-0.9853806,0.0,0.9842098,-0.048080623,-0.17035043,0.0,-0.26222497,0.5648995,0.49070162,1.0
3079358371,-0.056767702,-0.9983741,-0.005119711,0.0,-0.17248249,0.014858186,-0.98490036,0.0,0.9833753,-0.055027694,-0.1730454,0.0,-0.25444472,0.5640075,0.4922654,1.0
3079687867,-0.0666554,-0.9977511,-0.007058054,0.0,-0.17537129,0.018678784,-0.9843252,0.0,0.9822434,-0.06437275,-0.17622209,0.0,-0.24580316,0.56243676,0.49415666,1.0
3080023141,-0.07823777,-0.99689543,-0.008830875,0.0,-0.17998531,0.022837162,-0.983404,0.0,0.9805528,-0.075350106,-0.18121314,0.0,-0.23624767,0.5602272,0.49631318,1.0
3080338434,-0.092202306,-0.9956821,-0.010757387,0.0,-0.18667158,0.027896047,-0.9820262,0.0,0.97808605,-0.08853701,-0.18843758,0.0,-0.22661911,0.5572942,0.49856186,1.0
3081321949,-0.15718699,-0.9875607,-0.0039995313,0.0,-0.23298734,0.041018903,-0.97161424,0.0,0.9596921,-0.15179336,-0.23653674,0.0,-0.193806,0.5459089,0.50512505,1.0
3082348611,-0.2252177,-0.9738412,0.030166954,0.0,-0.36520168,0.05567336,-0.9292621,0.0,0.9032743,-0.22030336,-0.36818695,0.0,-0.16016659,0.53669715,0.5047557,1.0
3082706319,-0.24216712,-0.9688021,0.05270207,0.0,-0.43651173,0.060280025,-0.89767694,0.0,0.8664944,-0.24039292,-0.43749118,0.0,-0.15013851,0.53332454,0.5016222,1.0
3083512030,-0.2513399,-0.9616175,0.11009118,0.0,-0.619163,0.07231277,-0.7819259,0.0,0.74395263,-0.26469362,-0.6135731,0.0,-0.1320749,0.5256926,0.49073026,1.0
3083866563,-0.2532934,-0.95816576,0.13327014,0.0,-0.6897664,0.08228904,-0.7193406,0.0,0.67828083,-0.2741295,-0.6817539,0.0,-0.12507445,0.5222726,0.48602936,1.0
3084224162,-0.25645864,-0.95393157,0.15570147,0.0,-0.7448695,0.09240085,-0.66078067,0.0,0.6159528,-0.2854404,-0.7342514,0.0,-0.117136225,0.5199179,0.4818508,1.0
3084584876,-0.25683928,-0.9502742,0.1761021,0.0,-0.78657055,0.099660814,-0.6094047,0.0,0.5615512,-0.29503596,-0.7730545,0.0,-0.10806054,0.51905274,0.47766945,1.0
3085357213,-0.2570784,-0.9425055,0.21352828,0.0,-0.841128,0.10943234,-0.5296493,0.0,0.47583044,-0.31576595,-0.82090044,0.0,-0.086287126,0.51898813,0.46699557,1.0
3085796411,-0.2535236,-0.9375153,0.23830783,0.0,-0.8628066,0.10777289,-0.49391246,0.0,0.43736744,-0.33083212,-0.8362174,0.0,-0.07463963,0.5173551,0.45980126,1.0
3086002570,-0.2502817,-0.9352224,0.2504363,0.0,-0.87201333,0.10536343,-0.4780078,0.0,0.42065674,-0.33802032,-0.841897,0.0,-0.07010248,0.5161808,0.45581198,1.0
3086295162,-0.24296236,-0.9326894,0.26657003,0.0,-0.88454807,0.10022062,-0.45555496,0.0,0.39817554,-0.34647673,-0.84935844,0.0,-0.06365593,0.5142192,0.4501658,1.0
3086667406,-0.23248112,-0.92993355,0.2849139,0.0,-0.8996905,0.094337106,-0.4262128,0.0,0.36947167,-0.35542077,-0.8585839,0.0,-0.057047233,0.51144344,0.4419796,1.0
3086978208,-0.2243954,-0.9266841,0.3015018,0.0,-0.9109883,0.08961332,-0.402579,0.0,0.34604496,-0.3650015,-0.86430717,0.0,-0.052513972,0.5089539,0.43472055,1.0
3087315656,-0.21450913,-0.9232066,0.3188663,0.0,-0.922455,0.08418608,-0.37681517,0.0,0.32103407,-0.37497005,-0.8696753,0.0,-0.048724964,0.5066139,0.42600596,1.0
3087647577,-0.20478082,-0.9203624,0.33316296,0.0,-0.93231934,0.07975596,-0.35273123,0.0,0.29806888,-0.38284695,-0.8744042,0.0,-0.045878902,0.5047428,0.41656554,1.0
3087994865,-0.19342434,-0.9174787,0.34759197,0.0,-0.94226325,0.07500368,-0.32636586,0.0,0.27336296,-0.39065018,-0.879014,0.0,-0.044311315,0.50292987,0.40578192,1.0
3088328642,-0.18128955,-0.9146956,0.36120096,0.0,-0.95167863,0.07059944,-0.29887033,0.0,0.24787477,-0.39792925,-0.8832953,0.0,-0.04407993,0.5008965,0.39461124,1.0
3088662916,-0.16864085,-0.9110576,0.37621075,0.0,-0.9602164,0.0656566,-0.27142936,0.0,0.22258697,-0.40701777,-0.88588476,0.0,-0.04488571,0.49839407,0.3825392,1.0
3088995694,-0.15571308,-0.90700823,0.39126742,0.0,-0.96773344,0.060633063,-0.24457332,0.0,0.19810607,-0.41672567,-0.88718355,0.0,-0.046467066,0.49562883,0.36969665,1.0
3089334365,-0.14326453,-0.90255415,0.40604305,0.0,-0.9739685,0.055752635,-0.21971959,0.0,0.17567092,-0.4269513,-0.8870467,0.0,-0.04856369,0.4925829,0.35566342,1.0
3089659362,-0.13329077,-0.8974196,0.42056084,0.0,-0.97843635,0.051597714,-0.19999933,0.0,0.15778337,-0.43815017,-0.8849455,0.0,-0.050822422,0.4895792,0.3411169,1.0
3089988456,-0.12336731,-0.8928077,0.4332142,0.0,-0.9816526,0.04583496,-0.18508665,0.0,0.1453905,-0.44809955,-0.8820816,0.0,-0.053113967,0.48712933,0.32504785,1.0
3090322618,-0.11058605,-0.890486,0.44136798,0.0,-0.9842197,0.03639579,-0.17316799,0.0,0.13813965,-0.45355296,-0.8804587,0.0,-0.055368856,0.4864958,0.30688727,1.0
3090673209,-0.09367752,-0.8882588,0.44968945,0.0,-0.98663044,0.022323191,-0.1614368,0.0,0.13335918,-0.45880038,-0.8784745,0.0,-0.057916313,0.4864348,0.28648221,1.0
3090979553,-0.077115774,-0.88697416,0.45533448,0.0,-0.98844045,0.008223474,-0.15138482,0.0,0.13053012,-0.46174532,-0.87735534,0.0,-0.060057342,0.48625785,0.26751986,1.0
3091320031,-0.060450435,-0.8845455,0.46252006,0.0,-0.990017,-0.005974889,-0.14082038,0.0,0.12732558,-0.46641546,-0.8753538,0.0,-0.062094122,0.4857697,0.2453318,1.0
3091662476,-0.045277715,-0.8830194,0.46714756,0.0,-0.99113435,-0.01876378,-0.13153225,0.0,0.12491098,-0.46896142,-0.87434125,0.0,-0.06366499,0.4850818,0.2214767,1.0
3091984064,-0.033311963,-0.8816374,0.47075003,0.0,-0.99176174,-0.029131413,-0.12473935,0.0,0.123688504,-0.47102726,-0.8734038,0.0,-0.06458157,0.48411795,0.19772574,1.0
3092325631,-0.024168134,-0.8801727,0.47403777,0.0,-0.9921762,-0.036977768,-0.11924343,0.0,0.122483686,-0.47321087,-0.8723928,0.0,-0.06493445,0.4822969,0.17121866,1.0
3092663540,-0.017608523,-0.8786174,0.47720146,0.0,-0.99247026,-0.04250157,-0.114875376,0.0,0.12121336,-0.47563106,-0.87125325,0.0,-0.06476678,0.47957087,0.14396189,1.0
3093020521,-0.012144685,-0.87537014,0.4833008,0.0,-0.99280083,-0.04704249,-0.11015257,0.0,0.11915994,-0.48115918,-0.8684969,0.0,-0.0643637,0.47530067,0.114658654,1.0
3093366193,-0.0061001778,-0.8704635,0.49219555,0.0,-0.99331486,-0.051466465,-0.10333043,0.0,0.11527681,-0.4895354,-0.8643303,0.0,-0.063962206,0.46958488,0.08637471,1.0
3093773051,0.0017414689,-0.8655518,0.5008161,0.0,-0.99398637,-0.05633223,-0.09390204,0.0,0.10948923,-0.49764085,-0.8604448,0.0,-0.063384324,0.46143818,0.05312719,1.0
3094081482,0.006015241,-0.8615316,0.5076686,0.0,-0.9941335,-0.059979796,-0.090007976,0.0,0.10799442,-0.5041489,-0.8568382,0.0,-0.062389724,0.45452738,0.028670784,1.0
3094402585,0.011165142,-0.8556076,0.5175044,0.0,-0.9941921,-0.064898014,-0.08584872,0.0,0.10703786,-0.5135404,-0.85136294,0.0,-0.06098625,0.44658822,0.004135661,1.0
3094707924,0.015271544,-0.84975326,0.52695996,0.0,-0.99420273,-0.06900501,-0.082461074,0.0,0.106434286,-0.52264553,-0.84588087,0.0,-0.059359282,0.43865472,-0.018271932,1.0
3095004777,0.018391967,-0.843954,0.5361005,0.0,-0.99400586,-0.07322991,-0.08117983,0.0,0.1077705,-0.5313939,-0.84024215,0.0,-0.057783604,0.43135014,-0.037857752,1.0
3095328404,0.02144283,-0.837755,0.5456252,0.0,-0.9937535,-0.077643275,-0.08015956,0.0,0.109518185,-0.5404981,-0.8341868,0.0,-0.055423483,0.42239574,-0.059309907,1.0
3095650331,0.023312211,-0.833081,0.5526593,0.0,-0.99351776,-0.080827355,-0.07993138,0.0,0.11125937,-0.54721355,-0.82956505,0.0,-0.052930605,0.41349736,-0.079693586,1.0
3096060947,0.025547862,-0.8276318,0.5606899,0.0,-0.99312395,-0.0851115,-0.08038059,0.0,0.11424661,-0.55478096,-0.8241153,0.0,-0.04948213,0.40222496,-0.104108684,1.0
