timestamp,pose 00,pose 01,pose 02,pose 03,pose 10,pose 11,pose 12,pose 13,pose 20,pose 21,pose 22,pose 23,pose 30,pose 31,pose 32,pose 33
2997143491,-0.16050339,-0.8265304,0.539524,0.0,-0.92120296,-0.07084334,-0.38257858,0.0,0.3544345,-0.55841625,-0.7500316,0.0,-0.47051418,0.42542723,0.28436172,1.0
2997476761,-0.1604954,-0.8317661,0.5314188,0.0,-0.91868687,-0.07098234,-0.38855588,0.0,0.36090907,-0.55056906,-0.75274026,0.0,-0.48333633,0.431542,0.30221194,1.0
2997801967,-0.16272485,-0.83584887,0.52428746,0.0,-0.9164682,-0.06880891,-0.3941464,0.0,0.36552244,-0.5446302,-0.754832,0.0,-0.49470127,0.43699673,0.3180653,1.0
2998124486,-0.1654352,-0.8355441,0.5239251,0.0,-0.9159124,-0.066823244,-0.3957771,0.0,0.36569947,-0.5453448,-0.7542304,0.0,-0.5055332,0.44139564,0.332672,1.0
2998455948,-0.16612422,-0.8377337,0.5201975,0.0,-0.9167606,-0.06312227,-0.39441857,0.0,0.36325362,-0.5424189,-0.7575152,0.0,-0.51614463,0.44616783,0.34588605,1.0
2998784096,-0.16802382,-0.8416767,0.5131746,0.0,-0.9172797,-0.057178736,-0.39411724,0.0,0.36106205,-0.53694576,-0.76244557,0.0,-0.52561283,0.45100528,0.3572058,1.0
2999166744,-0.17035377,-0.84370756,0.50905514,0.0,-0.91833735,-0.051365018,-0.39245132,0.0,0.3572618,-0.5343399,-0.76605797,0.0,-0.53572404,0.45565277,0.3685814,1.0
2999775086,-0.17701912,-0.84423923,0.5058896,0.0,-0.9188615,-0.042407155,-0.3922948,0.0,0.352644,-0.5342862,-0.7682321,0.0,-0.54929984,0.46170503,0.38324,1.0
3000111928,-0.1806866,-0.8465892,0.5006385,0.0,-0.9173236,-0.038555145,-0.3962711,0.0,0.3547811,-0.53084844,-0.7696297,0.0,-0.55541974,0.46438885,0.3897648,1.0
3000436957,-0.18635094,-0.8447888,0.50160253,0.0,-0.9157845,-0.03554821,-0.40009382,0.0,0.35582587,-0.53391767,-0.76702,0.0,-0.5611294,0.466124,0.39596593,1.0
3000766508,-0.18992615,-0.84484434,0.5001659,0.0,-0.9131018,-0.035212874,-0.40620807,0.0,0.36079496,-0.5338519,-0.76474094,0.0,-0.5660485,0.46837717,0.4016085,1.0
3001429322,-0.18950391,-0.85887605,0.47583675,0.0,-0.9024463,-0.038597703,-0.42907026,0.0,0.3868842,-0.51072747,-0.7677752,0.0,-0.571998,0.47585145,0.4098111,1.0
3001763368,-0.18992078,-0.865,0.4644407,0.0,-0.8970369,-0.039397955,-0.44019628,0.0,0.39906776,-0.5002228,-0.76845455,0.0,-0.573681,0.47914493,0.41240448,1.0
3002083989,-0.19246817,-0.8679681,0.45780736,0.0,-0.8928925,-0.038623333,-0.4486104,0.0,0.40706152,-0.4951159,-0.76756835,0.0,-0.5753212,0.48091707,0.4146546,1.0
3002413685,-0.19745135,-0.8682695,0.45510584,0.0,-0.8896329,-0.036301494,-0.4552316,0.0,0.41178465,-0.49476314,-0.76527333,0.0,-0.57727253,0.4816472,0.41676444,1.0
3003734604,-0.21003854,-0.86416066,0.45728528,0.0,-0.8848716,-0.030889153,-0.46480954,0.0,0.4157954,-0.5022668,-0.75818324,0.0,-0.5859611,0.48165575,0.4215936,1.0
3004063453,-0.21108603,-0.8638584,0.45737427,0.0,-0.8858431,-0.028729439,-0.4630944,0.0,0.41318816,-0.50291467,-0.75917864,0.0,-0.5887637,0.48159498,0.42274123,1.0
3004397005,-0.2105794,-0.8646846,0.45604458,0.0,-0.88712525,-0.026955366,-0.4607408,0.0,0.41068837,-0.50159127,-0.76140714,0.0,-0.59159446,0.48189518,0.42407084,1.0
3004724454,-0.20874166,-0.86708075,0.45232436,0.0,-0.88852555,-0.025090218,-0.45814016,0.0,0.40859362,-0.4975349,-0.76518595,0.0,-0.59432626,0.4825703,0.4255095,1.0
3005057770,-0.20785129,-0.8690631,0.44891804,0.0,-0.8898068,-0.022620916,-0.4557767,0.0,0.40625358,-0.49418396,-0.7685964,0.0,-0.5969858,0.48315752,0.42714489,1.0
3005385902,-0.20777345,-0.8699807,0.447173,0.0,-0.8911948,-0.02009368,-0.4531755,0.0,0.4032393,-0.49267614,-0.7711474,0.0,-0.5997027,0.4834711,0.4289,1.0
3005714084,-0.20776689,-0.8705655,0.44603628,0.0,-0.8927457,-0.017608881,-0.45021647,0.0,0.3997972,-0.49173713,-0.773535,0.0,-0.6025435,0.48361877,0.43068692,1.0
3006044679,-0.2074529,-0.87109107,0.4451561,0.0,-0.89423853,-0.015628815,-0.44731796,0.0,0.39661187,-0.49087304,-0.77572095,0.0,-0.60542285,0.48358566,0.4325162,1.0
3006374294,-0.20699477,-0.87092656,0.44569087,0.0,-0.8958952,-0.014303207,-0.44403535,0.0,0.39309686,-0.49120522,-0.7772982,0.0,-0.60838866,0.48339304,0.4344468,1.0
3006704029,-0.20600104,-0.87128425,0.44545153,0.0,-0.89765286,-0.012979746,-0.44051173,0.0,0.38959286,-0.4906068,-0.77943695,0.0,-0.6113309,0.48349667,0.4363985,1.0
3007033688,-0.20465875,-0.8725247,0.44363877,0.0,-0.899301,-0.011348009,-0.4371829,0.0,0.38648733,-0.48843813,-0.7823398,0.0,-0.61419976,0.48383975,0.4383414,1.0
3007364521,-0.20390427,-0.8731809,0.4426944,0.0,-0.90056473,-0.01004231,-0.43460608,0.0,0.38393536,-0.48729295,-0.7843082,0.0,-0.61695826,0.4839717,0.44037455,1.0
3007693479,-0.20443082,-0.8722007,0.44438067,0.0,-0.901418,-0.0092561245,-0.43285117,0.0,0.38164625,-0.4890608,-0.7843251,0.0,-0.619618,0.483776,0.44260272,1.0
3008027576,-0.20423317,-0.87203217,0.44480214,0.0,-0.90217614,-0.008692861,-0.4312805,0.0,0.379957,-0.48937154,-0.7849513,0.0,-0.62238216,0.4837163,0.44489408,1.0
3008372068,-0.20361698,-0.8711971,0.44671696,0.0,-0.90315366,-0.009003878,-0.42922345,0.0,0.37796032,-0.49085113,-0.7849915,0.0,-0.6253746,0.48344338,0.44740915,1.0
3008685702,-0.20295262,-0.87001127,0.4493225,0.0,-0.90400666,-0.009853005,-0.427405,0.0,0.37627432,-0.49293345,-0.7844963,0.0,-0.6281514,0.4829811,0.4498849,1.0
3010336486,-0.20103157,-0.86495495,0.45982537,0.0,-0.9115802,-0.006663084,-0.41106832,0.0,0.35861942,-0.50180537,-0.7871363,0.0,-0.6426115,0.48035294,0.46381587,1.0
3010667935,-0.20121944,-0.86334443,0.46276012,0.0,-0.9127482,-0.006211996,-0.40847507,0.0,0.3555294,-0.5045767,-0.78676605,0.0,-0.64502215,0.47965443,0.46651888,1.0
3010994373,-0.20165646,-0.8621204,0.46484727,0.0,-0.91343653,-0.005758643,-0.40694043,0.0,0.3535086,-0.5066707,-0.78633094,0.0,-0.6471738,0.47910625,0.46906292,1.0
3011985811,-0.20010972,-0.8604693,0.46856025,0.0,-0.91622645,-0.005081892,-0.40062857,0.0,0.34710976,-0.50947696,-0.7873678,0.0,-0.65364045,0.47775248,0.47546464,1.0
3012315059,-0.19799614,-0.8600335,0.47025502,0.0,-0.9180013,-0.0054808855,-0.39653927,0.0,0.34361452,-0.510208,-0.78842664,0.0,-0.6559974,0.47728407,0.4771758,1.0
3012646271,-0.19560838,-0.8596955,0.47186977,0.0,-0.9199695,-0.0058094263,-0.39194697,0.0,0.3396963,-0.51077384,-0.7897574,0.0,-0.6584645,0.47688875,0.47865847,1.0
3012977019,-0.19290423,-0.85914767,0.473976,0.0,-0.9220375,-0.0065014362,-0.3870461,0.0,0.33561125,-0.51168644,-0.79091215,0.0,-0.66091716,0.47656554,0.47995293,1.0
3013308370,-0.18946183,-0.8597981,0.47418538,0.0,-0.92381823,-0.0075252056,-0.38275775,0.0,0.3326626,-0.510579,-0.7928715,0.0,-0.66320556,0.47645673,0.48089296,1.0
3013637975,-0.18608093,-0.8607578,0.47378296,0.0,-0.92522216,-0.008773446,-0.37932494,0.0,0.3306635,-0.5089394,-0.79475975,0.0,-0.66524124,0.4764859,0.48158902,1.0
3013964911,-0.18260145,-0.8613089,0.47413486,0.0,-0.9263465,-0.010875344,-0.37651563,0.0,0.32945257,-0.5079654,-0.7958846,0.0,-0.66704345,0.47643238,0.4820314,1.0
3014294242,-0.17880571,-0.86191225,0.4744846,0.0,-0.92732716,-0.013515472,-0.3740074,0.0,0.32877454,-0.5068772,-0.79685783,0.0,-0.6686592,0.4763268,0.48216277,1.0
3014628905,-0.17515028,-0.8622572,0.47522092,0.0,-0.9282573,-0.016236544,-0.37158418,0.0,0.32811707,-0.5062103,-0.7975526,0.0,-0.6701569,0.4761015,0.48199552,1.0
3014958881,-0.17182863,-0.8621919,0.47654992,0.0,-0.9291892,-0.018840909,-0.3691238,0.0,0.3272342,-0.5062311,-0.7979021,0.0,-0.67139924,0.47574994,0.48151606,1.0
3015613542,-0.16668248,-0.86167157,0.47931075,0.0,-0.93105423,-0.022477746,-0.3641876,0.0,0.32458395,-0.5069681,-0.7985163,0.0,-0.67322505,0.47511542,0.47984716,1.0
3015945773,-0.16471827,-0.8611121,0.48099276,0.0,-0.9318265,-0.024019003,-0.36210877,0.0,0.32336912,-0.5078476,-0.7984507,0.0,-0.67372376,0.47478008,0.47870994,1.0
3016275469,-0.16295207,-0.8607046,0.48232168,0.0,-0.9323942,-0.025515437,-0.36054125,0.0,0.32262617,-0.5084649,-0.7983582,0.0,-0.6738945,0.47451013,0.47733754,1.0
3016629872,-0.16147423,-0.86029917,0.4835406,0.0,-0.9327776,-0.026951194,-0.35944355,0.0,0.32226092,-0.50907665,-0.79811585,0.0,-0.67376035,0.47427213,0.47575343,1.0
3016940299,-0.16078806,-0.8595328,0.48512948,0.0,-0.9329888,-0.027990103,-0.35881522,0.0,0.32199222,-0.51031363,-0.797434,0.0,-0.67344916,0.4740418,0.47431725,1.0
3017269495,-0.16000497,-0.85905963,0.48622537,0.0,-0.9330756,-0.029119253,-0.35849994,0.0,0.32213128,-0.5110467,-0.7969084,0.0,-0.67296344,0.47382644,0.4727074,1.0
3017599381,-0.15922284,-0.85808134,0.48820576,0.0,-0.93329513,-0.030403614,-0.35782138,0.0,0.321883,-0.51261324,-0.79600215,0.0,-0.67240906,0.47344115,0.47107464,1.0
3017933828,-0.15888858,-0.85668474,0.49076065,0.0,-0.9335931,-0.031337142,-0.35696244,0.0,0.32118317,-0.5148879,-0.7948158,0.0,-0.67179173,0.4730182,0.4694689,1.0
3018261595,-0.15838051,-0.85586774,0.49234796,0.0,-0.93399763,-0.031871676,-0.35585526,0.0,0.32025683,-0.5162122,-0.7943306,0.0,-0.67109656,0.4726954,0.467938,1.0
3018589710,-0.15827489,-0.8550313,0.49383217,0.0,-0.93438727,-0.03196609,-0.35482168,0.0,0.31916964,-0.51759,-0.7938708,0.0,-0.67026615,0.47246805,0.46649623,1.0
3018915847,-0.15873301,-0.8544942,0.4946145,0.0,-0.9345397,-0.031570435,-0.35445592,0.0,0.31849572,-0.5185007,-0.7935474,0.0,-0.6692033,0.47237474,0.46518463,1.0
3019245735,-0.15982485,-0.85454106,0.4941819,0.0,-0.9343926,-0.030501127,-0.35493705,0.0,0.31838134,-0.5184876,-0.793602,0.0,-0.66792697,0.4724802,0.4638713,1.0
3019577124,-0.161587,-0.8544633,0.49374318,0.0,-0.9341379,-0.028906941,-0.3557402,0.0,0.31823945,-0.5187071,-0.79351556,0.0,-0.6665315,0.4726411,0.46266082,1.0
3019911382,-0.16315508,-0.85419726,0.49368775,0.0,-0.9338002,-0.027804613,-0.35671285,0.0,0.3184299,-0.5192052,-0.79311323,0.0,-0.66504955,0.4728249,0.46153057,1.0
3020235576,-0.16403699,-0.85436624,0.4931024,0.0,-0.93343455,-0.027237415,-0.35771203,0.0,0.31904802,-0.5189569,-0.7930269,0.0,-0.6635685,0.47305936,0.46046835,1.0
3020567004,-0.16528356,-0.8539375,0.49342865,0.0,-0.93302,-0.026750445,-0.35882857,0.0,0.31961673,-0.5196873,-0.7923193,0.0,-0.66203916,0.47316745,0.45941722,1.0
3020893909,-0.16734064,-0.8532456,0.493932,0.0,-0.9323654,-0.025882125,-0.3605892,0.0,0.32045525,-0.52086645,-0.7912055,0.0,-0.66035914,0.4731981,0.4585074,1.0
3021228941,-0.17039573,-0.85289025,0.49350122,0.0,-0.931214,-0.024375916,-0.36365676,0.0,0.32218894,-0.52152085,-0.7900696,0.0,-0.6584077,0.47331604,0.45765308,1.0
3021563618,-0.17529237,-0.85288113,0.4917993,0.0,-0.9292603,-0.02166605,-0.36878994,0.0,0.32518923,-0.52165556,-0.78875065,0.0,-0.6560815,0.4735366,0.45699924,1.0
3021888592,-0.18214715,-0.85238856,0.49015957,0.0,-0.9262609,-0.018528938,-0.37642747,0.0,0.3299445,-0.52258074,-0.78615916,0.0,-0.65338045,0.47378874,0.45668632,1.0
3022216751,-0.1898638,-0.85270953,0.4866604,0.0,-0.92215145,-0.0152744055,-0.3865276,0.0,0.33702913,-0.52216214,-0.78342724,0.0,-0.65019387,0.4741856,0.45665506,1.0
3022545047,-0.19921863,-0.8539202,0.48076227,0.0,-0.9162761,-0.011649132,-0.40037793,0.0,0.34749123,-0.5202737,-0.78010595,0.0,-0.64645493,0.47486734,0.45683557,1.0
3022873579,-0.20951521,-0.85495335,0.47450843,0.0,-0.9087824,-0.008831143,-0.41717684,0.0,0.36085716,-0.5186298,-0.7751163,0.0,-0.64231133,0.47560474,0.45744097,1.0
3023207223,-0.22223353,-0.8568827,0.4651497,0.0,-0.89842796,-0.00534606,-0.43908837,0.0,0.37873393,-0.51548374,-0.76865935,0.0,-0.6374357,0.47665888,0.45846635,1.0
3023533305,-0.23672986,-0.8592981,0.4533936,0.0,-0.88426924,-0.002779007,-0.46696925,0.0,0.40252575,-0.5114676,-0.75919294,0.0,-0.63165015,0.4778449,0.4600004,1.0
3023863452,-0.25680614,-0.8620211,0.43700168,0.0,-0.86301935,0.0010073185,-0.5051701,0.0,0.43502697,-0.5068716,-0.7441995,0.0,-0.6243922,0.47929466,0.4623934,1.0
3024194699,-0.28189468,-0.86571693,0.4136056,0.0,-0.8275683,0.0012751818,-0.56136364,0.0,0.4854546,-0.5005323,-0.71679926,0.0,-0.6141579,0.48109716,0.4661461,1.0
3024530090,-0.30979586,-0.87061673,0.38216847,0.0,-0.7738506,-0.0026593208,-0.6333624,0.0,0.5524323,-0.49195448,-0.6729034,0.0,-0.60091406,0.48287654,0.47179553,1.0
3024857781,-0.3399502,-0.87484896,0.3450697,0.0,-0.7029705,-0.0073519945,-0.7111809,0.0,0.6247129,-0.48433995,-0.61249363,0.0,-0.5861442,0.48447812,0.479572,1.0
3025185757,-0.36892354,-0.87829614,0.304124,0.0,-0.6175293,-0.012928128,-0.7864416,0.0,0.69466037,-0.4779423,-0.5376041,0.0,-0.57092166,0.48576987,0.48966455,1.0
3025517764,-0.39516556,-0.88155115,0.25828648,0.0,-0.5211867,-0.016377091,-0.8532857,0.0,0.7564448,-0.4718045,-0.4529811,0.0,-0.5561928,0.48686054,0.50164485,1.0
3026210280,-0.4374367,-0.8831687,0.16929895,0.0,-0.32361874,-0.02104497,-0.9459535,0.0,0.83899945,-0.4685831,-0.27660418,0.0,-0.53179574,0.4874577,0.5286234,1.0
3026516941,-0.4491793,-0.8829607,0.13644987,0.0,-0.25035453,-0.022215843,-0.9678994,0.0,0.8576484,-0.46892112,-0.21107435,0.0,-0.52436686,0.48713133,0.5395221,1.0
3026833884,-0.4599713,-0.8813895,0.10760462,0.0,-0.18603706,-0.022834182,-0.98227733,0.0,0.86822605,-0.47183794,-0.15346801,0.0,-0.51837075,0.48622954,0.5495546,1.0
3027496572,-0.48093057,-0.87455046,0.062185526,0.0,-0.092200994,-0.020085335,-0.99553776,0.0,0.8718971,-0.4845182,-0.07097459,0.0,-0.5096779,0.48339134,0.5657973,1.0
3028154205,-0.49421,-0.86874086,0.032350093,0.0,-0.039446354,-0.014764905,-0.99911284,0.0,0.86844754,-0.49504733,-0.026972055,0.0,-0.50332665,0.48112202,0.5771235,1.0
3028498671,-0.49964094,-0.86596096,0.021676928,0.0,-0.023638219,-0.011384606,-0.99965554,0.0,0.8659096,-0.49998158,-0.014781237,0.0,-0.49973798,0.48038253,0.58136404,1.0
3028814396,-0.5043633,-0.8633771,0.014061153,0.0,-0.014324397,-0.007916093,-0.9998661,0.0,0.86337274,-0.5044972,-0.00837481,0.0,-0.49585724,0.48002118,0.5844373,1.0
3029143646,-0.507908,-0.8613791,0.0074774325,0.0,-0.008016527,-0.003953576,-0.9999602,0.0,0.86137426,-0.50794756,-0.004897356,0.0,-0.49109155,0.480113,0.58707553,1.0
3029481982,-0.5108434,-0.8596712,0.002236694,0.0,-0.004214406,-9.763241e-05,-0.9999913,0.0,0.8596637,-0.51084805,-0.0035734177,0.0,-0.48535645,0.48034465,0.5892409,1.0
3029804059,-0.5127964,-0.8585081,-0.0018246472,0.0,-0.0024342835,0.0035794377,-0.9999906,0.0,0.8585067,-0.5127872,-0.0039252043,0.0,-0.47897208,0.4805081,0.59088814,1.0
3030138648,-0.5131556,-0.8582714,-0.006447971,0.0,-0.00071549416,0.007940233,-0.99996823,0.0,0.8582953,-0.51313466,-0.0046886206,0.0,-0.47113305,0.48061782,0.5923666,1.0
3030478123,-0.51146865,-0.85921323,-0.012366325,0.0,0.0021724105,0.0130980015,-0.999912,0.0,0.8592994,-0.5114503,-0.004832983,0.0,-0.46183124,0.48055694,0.5935712,1.0
3030793682,-0.51315784,-0.8580687,-0.019679487,0.0,0.00682804,0.018846512,-0.9997991,0.0,0.8582672,-0.513189,-0.003812313,0.0,-0.45210212,0.47968364,0.59481937,1.0
3031134357,-0.5199429,-0.853686,-0.029655814,0.0,0.015090793,0.025532186,-0.99956,0.0,0.85406756,-0.52016175,-0.00039231777,0.0,-0.4401874,0.4774883,0.59638137,1.0
3031454839,-0.53081036,-0.8464991,-0.040978998,0.0,0.024890155,0.032761335,-0.99915314,0.0,0.8471248,-0.531381,0.0036796331,0.0,-0.42781663,0.4742152,0.59742814,1.0
3031788996,-0.5457046,-0.8361956,-0.054618567,0.0,0.036946237,0.04110694,-0.9984714,0.0,0.8371626,-0.5468885,0.008462191,0.0,-0.4136747,0.46969327,0.59803176,1.0
3032114178,-0.5636238,-0.8232809,-0.06735629,0.0,0.049363315,0.04782653,-0.9976352,0.0,0.82455534,-0.56561583,0.013683677,0.0,-0.39880472,0.46430624,0.5979201,1.0
3032776505,-0.60064125,-0.7945375,-0.08910689,0.0,0.07283431,0.05661118,-0.995736,0.0,0.7961941,-0.60457027,0.023866653,0.0,-0.36525634,0.45216155,0.59476984,1.0
3033461373,-0.62849784,-0.771399,-0.099669814,0.0,0.09787086,0.04869187,-0.9940073,0.0,0.77162933,-0.63448614,0.044894636,0.0,-0.3239323,0.4409614,0.5885663,1.0
3033768340,-0.63763595,-0.76401865,-0.09847045,0.0,0.10630813,0.039331317,-0.9935552,0.0,0.7629675,-0.64399445,0.056142032,0.0,-0.30334657,0.43594265,0.5850619,1.0
3034093999,-0.64995193,-0.7540326,-0.09485331,0.0,0.11331856,0.027260423,-0.9931846,0.0,0.7514794,-0.65627104,0.06772798,0.0,-0.28050792,0.42956245,0.5806242,1.0
3034427027,-0.6632339,-0.74305564,-0.08938068,0.0,0.11853325,0.013628781,-0.9928565,0.0,0.7389658,-0.66909075,0.079037845,0.0,-0.25593013,0.42186663,0.5756359,1.0
3034760194,-0.6759795,-0.73235655,-0.081888735,0.0,0.1213021,-0.00097465515,-0.9926152,0.0,0.7268684,-0.6809207,0.08949512,0.0,-0.23043829,0.41271037,0.570032,1.0
3035420279,-0.7064154,-0.7052262,-0.060278326,0.0,0.1161578,-0.031501293,-0.99273115,0.0,0.6982012,-0.7082823,0.10417044,0.0,-0.18033908,0.38892752,0.5580176,1.0
3036143772,-0.7407558,-0.6711681,-0.028534949,0.0,0.096143395,-0.06388044,-0.99331546,0.0,0.6648588,-0.7385477,0.111848235,0.0,-0.12923612,0.35557938,0.546422,1.0
3036492843,-0.75868344,-0.6512906,-0.0148203075,0.0,0.084765434,-0.0761354,-0.9934878,0.0,0.645921,-0.7549992,0.112969756,0.0,-0.10664548,0.33709174,0.54237705,1.0
3036812914,-0.77443004,-0.6326195,-0.007111311,0.0,0.078226894,-0.08459628,-0.99333984,0.0,0.6278046,-0.7698286,0.1150018,0.0,-0.08678654,0.31893292,0.5399757,1.0
3037476242,-0.8145087,-0.5801445,0.002809167,0.0,0.066004515,-0.0974772,-0.9930466,0.0,0.5763844,-0.8086596,0.11768824,0.0,-0.049768105,0.27625358,0.5381245,1.0
3037811819,-0.8406155,-0.5416312,-0.0009701252,0.0,0.06391427,-0.09741652,-0.9931893,0.0,0.5378478,-0.8349524,0.11650789,0.0,-0.03371109,0.2527911,0.5386723,1.0
3038773812,-0.8838525,-0.46723378,-0.02229774,0.0,0.067836165,-0.08086741,-0.99441373,0.0,0.46282053,-0.8804277,0.103170276,0.0,0.010856837,0.18187538,0.54325646,1.0
3039123959,-0.89903617,-0.43678415,-0.03087546,0.0,0.071646884,-0.07717621,-0.9944397,0.0,0.43197268,-0.89624953,0.10067856,0.0,0.024997666,0.1529744,0.54578966,1.0
3039500305,-0.9086056,-0.41633266,-0.03321986,0.0,0.06984244,-0.07304132,-0.99488056,0.0,0.41177475,-0.90627396,0.09544313,0.0,0.03972064,0.120052114,0.54809815,1.0
3039871446,-0.91836333,-0.39424634,-0.0343405,0.0,0.067719385,-0.07106316,-0.9951706,0.0,0.38990197,-0.9162533,0.091959655,0.0,0.05223292,0.08545247,0.5509408,1.0
3040269761,-0.9284024,-0.37001282,-0.034054384,0.0,0.063571945,-0.06787205,-0.9956667,0.0,0.36609805,-0.92654413,0.08653492,0.0,0.06333828,0.046239156,0.55431813,1.0
3040946258,-0.9395776,-0.3408609,-0.03174472,0.0,0.05613278,-0.06192398,-0.99650115,0.0,0.3377025,-0.93807214,0.07731581,0.0,0.07601254,-0.023588084,0.5613602,1.0
3041296192,-0.94423985,-0.327721,-0.031774998,0.0,0.053418934,-0.057252407,-0.99692947,0.0,0.32489556,-0.94303817,0.0715667,0.0,0.07945876,-0.06009328,0.5655657,1.0
3042149964,-0.95312095,-0.29982144,-0.040831313,0.0,0.05600962,-0.042202234,-0.9975378,0.0,0.29736006,-0.9530613,0.05701697,0.0,0.07971819,-0.14759202,0.5780992,1.0
3042482870,-0.9557216,-0.28971678,-0.051570803,0.0,0.06402455,-0.033667088,-0.9973801,0.0,0.28722155,-0.9565199,0.050725758,0.0,0.078010336,-0.1812934,0.5839998,1.0
3043427018,-0.9652915,-0.24498221,-0.09053396,0.0,0.09346094,-0.00032401085,-0.99562305,0.0,0.24388058,-0.96952766,0.023208797,0.0,0.06943369,-0.27989095,0.60024214,1.0
3044340743,-0.97518957,-0.18806568,-0.11677399,0.0,0.11272154,0.032138586,-0.99310666,0.0,0.19052222,-0.9816304,-0.010141969,0.0,0.056563586,-0.371791,0.6123374,1.0
3044867278,-0.97897387,-0.15461467,-0.13305683,0.0,0.12749837,0.04537207,-0.9908004,0.0,0.15922935,-0.9869324,-0.024704814,0.0,0.04896304,-0.41950807,0.61899287,1.0
3045199519,-0.98022974,-0.13627438,-0.14345336,0.0,0.13815312,0.047635794,-0.9892646,0.0,0.14164492,-0.9895252,-0.027867198,0.0,0.04422964,-0.44682023,0.6225414,1.0
3045528629,-0.9812944,-0.12144795,-0.14937346,0.0,0.14496571,0.044403195,-0.98844,0.0,0.12667666,-0.99160427,-0.025967121,0.0,0.039831877,-0.47090533,0.62553495,1.0
3045853874,-0.9816172,-0.114125736,-0.15298149,0.0,0.14902267,0.042499483,-0.98792017,0.0,0.11924875,-0.9925569,-0.024711013,0.0,0.03682168,-0.49149597,0.62798905,1.0
3046188141,-0.9811101,-0.11577853,-0.15497626,0.0,0.15131976,0.03978461,-0.9876837,0.0,0.12051822,-0.9924777,-0.021513104,0.0,0.03523998,-0.5092847,0.6298797,1.0
3046581720,-0.9806051,-0.11819345,-0.1563477,0.0,0.15307945,0.036298692,-0.98754716,0.0,0.12239681,-0.9923271,-0.01750195,0.0,0.034209996,-0.5262848,0.6316146,1.0
3046860968,-0.9797659,-0.12366144,-0.15737687,0.0,0.15415163,0.0352906,-0.9874169,0.0,0.12765934,-0.9916969,-0.015514255,0.0,0.034141064,-0.5368791,0.6328914,1.0
3047497419,-0.9765916,-0.13749836,-0.16541877,0.0,0.16281275,0.030067503,-0.98619884,0.0,0.14057446,-0.9900456,-0.006977439,0.0,0.034762576,-0.55547065,0.63626325,1.0
3047828597,-0.9748304,-0.14169097,-0.17213126,0.0,0.17024419,0.025426984,-0.98507375,0.0,0.14395283,-0.98958427,-0.0006648302,0.0,0.035040453,-0.5624935,0.63817704,1.0
3048160129,-0.9728519,-0.1483075,-0.17766361,0.0,0.17656446,0.020651817,-0.9840725,0.0,0.14961441,-0.9887257,0.006094575,0.0,0.035693362,-0.56740177,0.6397017,1.0
3048499061,-0.9703214,-0.15751457,-0.18348111,0.0,0.1835911,0.013978422,-0.98290324,0.0,0.15738635,-0.9874177,0.015354872,0.0,0.036658064,-0.570411,0.6411089,1.0
3048828314,-0.96854115,-0.16521047,-0.18610094,0.0,0.187479,0.0073533654,-0.98224115,0.0,0.16364498,-0.98623097,0.023851395,0.0,0.037421986,-0.5717157,0.64183426,1.0
3049148015,-0.96765625,-0.17111231,-0.1853694,0.0,0.18741025,0.0042927265,-0.9822723,0.0,0.16887462,-0.9852422,0.027914405,0.0,0.03808175,-0.5715134,0.6417097,1.0
3049488855,-0.96634436,-0.18025638,-0.18353727,0.0,0.18588625,0.003921509,-0.9825633,0.0,0.17783305,-0.98361176,0.029717863,0.0,0.039078906,-0.5698683,0.6413835,1.0
3049814798,-0.96468306,-0.1899747,-0.18247336,0.0,0.1849266,0.004886806,-0.9827403,0.0,0.1875875,-0.98177695,0.030416965,0.0,0.040228844,-0.567431,0.6411571,1.0
3050489743,-0.9597678,-0.21812274,-0.17682631,0.0,0.18033428,0.0038827062,-0.9835976,0.0,0.21523155,-0.97591347,0.03560877,0.0,0.042325646,-0.5621208,0.6411525,1.0
3050827278,-0.9571967,-0.23058552,-0.17494369,0.0,0.17901275,0.0033236742,-0.98384124,0.0,0.22744098,-0.9730465,0.03809613,0.0,0.042751998,-0.56008095,0.6413499,1.0
3051489257,-0.95274043,-0.25415602,-0.16640282,0.0,0.17201608,0.00014066696,-0.985094,0.0,0.250391,-0.96716315,0.04358518,0.0,0.042345732,-0.5570737,0.64149904,1.0
3052485566,-0.94363284,-0.29333088,-0.15333906,0.0,0.16264969,-0.0074617863,-0.98665535,0.0,0.28827235,-0.9559815,0.054751992,0.0,0.040624455,-0.5499566,0.6413818,1.0
3052824861,-0.9404659,-0.30605614,-0.14782688,0.0,0.15842476,-0.009934425,-0.98732096,0.0,0.30070704,-0.95196146,0.057830274,0.0,0.03959149,-0.5461586,0.6409916,1.0
3053140996,-0.9370692,-0.318361,-0.14334577,0.0,0.15519378,-0.012026548,-0.9878109,0.0,0.31275654,-0.9478933,0.06067711,0.0,0.038433388,-0.54203206,0.6407638,1.0
3053854584,-0.929286,-0.34231248,-0.13874155,0.0,0.15258357,-0.013700843,-0.9881955,0.0,0.3363708,-0.9394861,0.06496352,0.0,0.034939334,-0.5315894,0.64081657,1.0
3054175710,-0.9256058,-0.35247418,-0.13789737,0.0,0.15235272,-0.013458014,-0.98823446,0.0,0.3464713,-0.9357247,0.0661574,0.0,0.033186466,-0.52624136,0.6412196,1.0
3054462928,-0.92157924,-0.36277544,-0.1381496,0.0,0.15357238,-0.013870239,-0.98804,0.0,0.35652047,-0.9317733,0.068494976,0.0,0.031783834,-0.5211482,0.64172924,1.0
3054763657,-0.91602206,-0.3764773,-0.13845062,0.0,0.15546298,-0.015023589,-0.98772746,0.0,0.36977696,-0.92630404,0.07229018,0.0,0.030578494,-0.51570886,0.64224523,1.0
3055095174,-0.9102285,-0.39065513,-0.13737813,0.0,0.15644768,-0.017246127,-0.9875357,0.0,0.38341662,-0.9203756,0.07681501,0.0,0.029126257,-0.5096576,0.64285934,1.0
3055430133,-0.9032872,-0.40685865,-0.13615276,0.0,0.15784296,-0.02005434,-0.9872604,0.0,0.39894503,-0.9132708,0.082334995,0.0,0.027676687,-0.5035685,0.64376414,1.0
3055754024,-0.8972504,-0.4201309,-0.13576421,0.0,0.15962827,-0.021984577,-0.9869324,0.0,0.41165605,-0.90719724,0.08679038,0.0,0.025940359,-0.49778426,0.64470124,1.0
3056081014,-0.89052856,-0.4341961,-0.13576773,0.0,0.16174652,-0.023254752,-0.9865584,0.0,0.42520252,-0.90051824,0.09093857,0.0,0.02407974,-0.49182397,0.6454887,1.0
3057070434,-0.8679215,-0.47843814,-0.13345268,0.0,0.16532798,-0.024909139,-0.9859241,0.0,0.46837947,-0.87776804,0.1007182,0.0,0.017524615,-0.47283694,0.6468406,1.0
3058065987,-0.8440125,-0.52065474,-0.12869361,0.0,0.16669245,-0.026588917,-0.98565054,0.0,0.5097617,-0.8533534,0.10923028,0.0,0.010359138,-0.45459735,0.6467396,1.0
3059418565,-0.8276334,-0.546122,-0.12951441,0.0,0.17256588,-0.028018475,-0.98459953,0.0,0.53408265,-0.83723706,0.117430866,0.0,0.0018960238,-0.43877274,0.6453831,1.0
3059713562,-0.8242426,-0.5519219,-0.1265124,0.0,0.17068279,-0.029139042,-0.98489475,0.0,0.53989863,-0.8333862,0.11822182,0.0,0.00046429038,-0.43554503,0.644457,1.0
3060474806,-0.81502914,-0.5671994,-0.118374765,0.0,0.16384043,-0.029640913,-0.9860415,0.0,0.5557734,-0.823047,0.11708832,0.0,-0.0029419065,-0.42752677,0.64190274,1.0
3060786655,-0.81059194,-0.5742295,-0.114895,0.0,0.1608883,-0.029723287,-0.9865249,0.0,0.5630767,-0.8181545,0.11648035,0.0,-0.0041535497,-0.4244519,0.6408615,1.0
3061100766,-0.80613565,-0.5810713,-0.11180757,0.0,0.15829867,-0.02970779,-0.98694414,0.0,0.5701634,-0.8133101,0.11593157,0.0,-0.005269438,-0.42168224,0.63992745,1.0
3061731407,-0.7988577,-0.59198695,-0.10666652,0.0,0.1540642,-0.029951215,-0.9876067,0.0,0.5814555,-0.8053908,0.1151309,0.0,-0.00716275,-0.41708225,0.6382879,1.0
3062023224,-0.7951267,-0.59723365,-0.10529029,0.0,0.1533657,-0.03005302,-0.9877126,0.0,0.58673084,-0.80150425,0.115490794,0.0,-0.0077020973,-0.4150545,0.63784814,1.0
3062352959,-0.7912848,-0.6023924,-0.1048449,0.0,0.1531144,-0.029206514,-0.987777,0.0,0.5919671,-0.79766583,0.1153453,0.0,-0.007962719,-0.41225663,0.6372864,1.0
3062683713,-0.7875446,-0.6071452,-0.10558884,0.0,0.15404065,-0.028045058,-0.9876666,0.0,0.59669566,-0.7940961,0.115611315,0.0,-0.007506028,-0.4083817,0.63664424,1.0
3063012288,-0.78522253,-0.6102293,-0.10509589,0.0,0.15364431,-0.027591944,-0.9877407,0.0,0.5998486,-0.79174393,0.115424395,0.0,-0.0063274503,-0.402962,0.6353736,1.0
3063341927,-0.78330374,-0.61330867,-0.10142848,0.0,0.14995226,-0.028072238,-0.9882946,0.0,0.60328233,-0.7893443,0.11395615,0.0,-0.0044469386,-0.3951718,0.63337326,1.0
3063670213,-0.78218853,-0.6158974,-0.09408039,0.0,0.14227931,-0.029562473,-0.9893849,0.0,0.6065784,-0.7872714,0.11075312,0.0,-0.002288133,-0.3847129,0.63070655,1.0
3064015227,-0.77774143,-0.6228423,-0.08476883,0.0,0.13144144,-0.029270172,-0.99089175,0.0,0.61468804,-0.78179973,0.1046319,0.0,0.00041759014,-0.37002695,0.6272361,1.0
3064344042,-0.7682154,-0.63578767,-0.07496256,0.0,0.11997086,-0.027952552,-0.9923839,0.0,0.62885,-0.77135783,0.09774941,0.0,0.0032072067,-0.35170949,0.6233491,1.0
3064672627,-0.75316525,-0.6544837,-0.066278785,0.0,0.10928014,-0.025126934,-0.99369323,0.0,0.6486907,-0.7556584,0.09044701,0.0,0.0057885647,-0.32986736,0.6189983,1.0
3064989722,-0.7342129,-0.6765759,-0.05636525,0.0,0.09950462,-0.025111675,-0.9947203,0.0,0.67158824,-0.7359448,0.08575958,0.0,0.0077850074,-0.3062593,0.6146174,1.0
3065671507,-0.6822102,-0.7306199,-0.027994305,0.0,0.075325996,-0.032147884,-0.99664056,0.0,0.7272655,-0.6820271,0.076966345,0.0,0.009490162,-0.2488638,0.60341555,1.0
3066450387,-0.61875486,-0.7855693,0.0048139393,0.0,0.045724124,-0.04213071,-0.99806523,0.0,0.7842523,-0.6173377,0.061988115,0.0,0.0051009655,-0.17166367,0.59088457,1.0
3066776288,-0.5902455,-0.80710745,0.013685226,0.0,0.036907732,-0.04391873,-0.9983529,0.0,0.8063793,-0.5887685,0.055711627,0.0,0.0014156699,-0.13528444,0.5863508,1.0
3067795214,-0.4844098,-0.8744612,0.02578631,0.0,0.03429061,-0.048431754,-0.9982378,0.0,0.874169,-0.48267192,0.05344653,0.0,-0.016994566,-0.009976517,0.57587105,1.0
3068116143,-0.45298076,-0.8911237,0.026590586,0.0,0.039074898,-0.049642563,-0.9980024,0.0,0.8906636,-0.4510368,0.0573076,0.0,-0.024770573,0.031076642,0.57317376,1.0
3068427495,-0.42699623,-0.9038574,0.026762784,0.0,0.045289457,-0.050936222,-0.9976745,0.0,0.90311867,-0.42479104,0.062684655,0.0,-0.033133432,0.07127096,0.57079655,1.0
3068741330,-0.39947748,-0.91637635,0.025920749,0.0,0.05216047,-0.050949097,-0.99733806,0.0,0.91525775,-0.39706215,0.06815183,0.0,-0.04228662,0.112194866,0.5682283,1.0
3069352357,-0.3406669,-0.9397352,0.029043645,0.0,0.058767557,-0.052114725,-0.99691033,0.0,0.93834543,-0.33790767,0.07297987,0.0,-0.06281331,0.19174963,0.56127757,1.0
3069670456,-0.31416404,-0.9488832,0.030350953,0.0,0.05885163,-0.051373124,-0.9969437,0.0,0.94754255,-0.3114179,0.07198322,0.0,-0.07505183,0.23131068,0.5570966,1.0
3069995618,-0.2875706,-0.9573518,0.027940482,0.0,0.055992216,-0.045927525,-0.9973743,0.0,0.9561213,-0.2852511,0.06681168,0.0,-0.088573724,0.2704426,0.5524308,1.0
3070327710,-0.2626102,-0.9645505,0.026043743,0.0,0.04776624,-0.03995347,-0.99805915,0.0,0.963719,-0.26085648,0.056565106,0.0,-0.103064254,0.3083106,0.5469802,1.0
3070704157,-0.23522496,-0.9716929,0.021959275,0.0,0.037900656,-0.031746387,-0.9987773,0.0,0.9712018,-0.23410502,0.04429519,0.0,-0.12045421,0.34875667,0.5414524,1.0
3071015615,-0.21597171,-0.9761816,0.020640165,0.0,0.029606223,-0.027676582,-0.9991785,0.0,0.97595084,-0.21518314,0.034878254,0.0,-0.13470674,0.37963122,0.53688633,1.0
3071646603,-0.18772793,-0.98195255,0.02295804,0.0,0.007606894,-0.024826288,-0.9996627,0.0,0.98219144,-0.18749005,0.01213038,0.0,-0.16322969,0.43465325,0.52877146,1.0
3071972814,-0.16453671,-0.98618877,0.018968016,0.0,-0.0034293532,-0.018658161,-0.99982023,0.0,0.9863652,-0.16457209,-0.00031220913,0.0,-0.17774326,0.4605496,0.52562976,1.0
3072302889,-0.12913859,-0.9915196,0.014566541,0.0,-0.014871508,-0.012751341,-0.99980813,0.0,0.99151504,-0.12933046,-0.013098717,0.0,-0.19233428,0.48512843,0.5230274,1.0
3072635044,-0.092662334,-0.99564344,0.010370642,0.0,-0.02726382,-0.00787437,-0.9995971,0.0,0.99532413,-0.092907876,-0.026415229,0.0,-0.20697255,0.50677735,0.5207412,1.0
3072978740,-0.05778849,-0.9983242,0.0030432343,0.0,-0.03884834,-0.0007972717,-0.9992448,0.0,0.9975727,-0.057863086,-0.038737178,0.0,-0.22174881,0.52536684,0.5189159,1.0
3073299089,-0.027956009,-0.9995997,-0.004344076,0.0,-0.047734827,0.0056757927,-0.9988439,0.0,0.99846876,-0.02771625,-0.04787445,0.0,-0.23486356,0.53891057,0.51748884,1.0
3073626345,-0.00572598,-0.9999299,-0.010331184,0.0,-0.056913853,0.0106408,-0.99832207,0.0,0.9983624,-0.0051286817,-0.056970596,0.0,-0.24728759,0.5493362,0.51546115,1.0
3073955529,0.012866974,-0.9998139,-0.014378071,0.0,-0.06499863,0.013512373,-0.997794,0.0,0.9978025,0.0137732625,-0.06481278,0.0,-0.2582637,0.55726874,0.5129818,1.0
3074287998,0.025874496,-0.99956274,-0.014306903,0.0,-0.07119754,0.012432873,-0.99738467,0.0,0.99712646,0.026825339,-0.07084465,0.0,-0.267746,0.562679,0.5102626,1.0
3074618396,0.03442675,-0.9993216,-0.0130880475,0.0,-0.07734087,0.010392547,-0.99695057,0.0,0.9964102,0.03533405,-0.07693076,0.0,-0.27553016,0.5661761,0.5073617,1.0
3074949261,0.039565146,-0.99915266,-0.011339575,0.0,-0.083738804,0.0079930425,-0.99645567,0.0,0.995702,0.040374488,-0.08335161,0.0,-0.28168142,0.56850576,0.50448775,1.0
3075280550,0.041145086,-0.9991268,-0.007281095,0.0,-0.08962083,0.0035672188,-0.99596965,0.0,0.9951259,0.041631907,-0.089396,0.0,-0.28623584,0.56982034,0.5016779,1.0
3075606329,0.038864076,-0.9992428,-0.0018749833,0.0,-0.09649098,-0.0018852949,-0.9953321,0.0,0.99457484,0.03886366,-0.09649134,0.0,-0.28929883,0.5703336,0.49895787,1.0
3075934604,0.033027053,-0.9994517,0.0023979843,0.0,-0.10498959,-0.0058555603,-0.99445623,0.0,0.99392486,0.032592356,-0.10512555,0.0,-0.29108396,0.5705209,0.49635217,1.0
3076274177,0.024295747,-0.99968565,0.0061957836,0.0,-0.1146698,-0.008943558,-0.99336344,0.0,0.99310654,0.023424089,-0.11485112,0.0,-0.29167974,0.5703759,0.49392304,1.0
3076609754,0.012485981,-0.99987686,0.009509981,0.0,-0.1256828,-0.011004686,-0.9920095,0.0,0.99199194,0.0111910105,-0.12580478,0.0,-0.29125303,0.56974596,0.49163392,1.0
3076941199,-0.00051283836,-0.9999291,0.011910826,0.0,-0.13638017,-0.011729717,-0.99058723,0.0,0.9906566,-0.0021322072,-0.13636458,0.0,-0.28985286,0.5687848,0.48973787,1.0
3077311649,-0.013369918,-0.9998218,0.0133390725,0.0,-0.14758566,-0.011221051,-0.9889858,0.0,0.9889591,-0.015191227,-0.14740944,0.0,-0.28735277,0.5676716,0.48819226,1.0
3078020372,-0.029067278,-0.9995378,0.00893873,0.0,-0.16176704,-0.004121065,-0.98682064,0.0,0.9864011,-0.03012997,-0.1615727,0.0,-0.27993938,0.56642985,0.48760417,1.0
3078349537,-0.034049988,-0.9994105,0.004396856,0.0,-0.16546884,0.001298666,-0.9862142,0.0,0.98562706,-0.034308016,-0.16541553,0.0,-0.2751537,0.56620145,0.4882476,1.0
3078691870,-0.041651964,-0.9991321,0.00056269765,0.0,-0.16770786,0.0064361095,-0.9858158,0.0,0.9849565,-0.041155517,-0.16783047,0.0,-0.26909858,0.56558996,0.48936677,1.0
3079025339,-0.049160838,-0.99878836,-0.0023679733,0.0,-0.17001295,0.0107040405,-0.985384,0.0,0.9842151,-0.048039466,-0.17033339,0.0,-0.2622731,0.5649047,0.49069467,1.0
3079349739,-0.056530237,-0.9983882,-0.005060613,0.0,-0.17241463,0.014754534,-0.98491406,0.0,0.9834011,-0.054804713,-0.17297101,0.0,-0.25466084,0.56404066,0.49223083,1.0
3079688236,-0.06666672,-0.99775004,-0.007059902,0.0,-0.17537498,0.018683314,-0.9843241,0.0,0.98224163,-0.064383835,-0.17622566,0.0,-0.2457929,0.5624346,0.49415863,1.0
3080016774,-0.07800257,-0.9969145,-0.008793741,0.0,-0.1798689,0.022748232,-0.9834277,0.0,0.9805932,-0.07512802,-0.18108845,0.0,-0.2364357,0.56027645,0.49627778,1.0
3080339888,-0.092286825,-0.99567425,-0.010762662,0.0,-0.18670687,0.027920544,-0.9820188,0.0,0.97807133,-0.08861795,-0.18847585,0.0,-0.22657344,0.5572782,0.49857113,1.0
3081671774,-0.1811806,-0.9834442,0.003286153,0.0,-0.2652303,0.045645535,-0.9631039,0.0,0.9470091,-0.17536744,-0.26910925,0.0,-0.18177207,0.54261523,0.50647503,1.0
3082359117,-0.22576559,-0.9736973,0.030709535,0.0,-0.36710334,0.055834174,-0.9285028,0.0,0.90236616,-0.2208977,-0.3700528,0.0,-0.15985413,0.5366065,0.5046792,1.0
3082708031,-0.24222839,-0.96878016,0.052821875,0.0,-0.4368832,0.060300946,-0.8974947,0.0,0.8662899,-0.2404758,-0.43785036,0.0,-0.15009503,0.53330946,0.5016014,1.0
3083511507,-0.25133932,-0.961622,0.1100544,0.0,-0.6190498,0.072301745,-0.7820166,0.0,0.74404716,-0.26468056,-0.61346436,0.0,-0.13208474,0.5256975,0.49073792,1.0
3083875139,-0.25338626,-0.95806664,0.13380545,0.0,-0.69128615,0.082573,-0.7178477,0.0,0.67669713,-0.27439055,-0.6832211,0.0,-0.124896675,0.52219903,0.48590952,1.0
3084227973,-0.25646758,-0.953891,0.15593597,0.0,-0.74537784,0.092481375,-0.66019607,0.0,0.61533403,-0.28555018,-0.7347276,0.0,-0.117047995,0.5199025,0.4818041,1.0
3084593643,-0.25685954,-0.95018566,0.17655183,0.0,-0.78740454,0.09982872,-0.6082996,0.0,0.5603726,-0.29526526,-0.77382255,0.0,-0.10782847,0.5190511,0.4775592,1.0
3085350008,-0.25709164,-0.9425871,0.21315038,0.0,-0.8407454,0.10940468,-0.53026164,0.0,0.47649825,-0.3155312,-0.82060266,0.0,-0.086480826,0.51899767,0.46711308,1.0
3085791042,-0.2535889,-0.9375787,0.2379888,0.0,-0.862558,0.10781908,-0.49433643,0.0,0.43781963,-0.3306375,-0.83605766,0.0,-0.07476397,0.5173822,0.45990086,1.0
3086001998,-0.25029266,-0.9352283,0.25040317,0.0,-0.87198836,0.105371654,-0.4780515,0.0,0.42070186,-0.3380014,-0.841882,0.0,-0.07011475,0.5161842,0.45582274,1.0
3086667590,-0.23247623,-0.9299323,0.28492266,0.0,-0.8996977,0.094334364,-0.4261986,0.0,0.36945778,-0.35542524,-0.85858846,0.0,-0.05704464,0.5114422,0.44197518,1.0
3086984388,-0.22422183,-0.92661154,0.30185384,0.0,-0.9112086,0.0895046,-0.4021042,0.0,0.34557706,-0.36521232,-0.8644054,0.0,-0.052447066,0.5089116,0.4345629,1.0
3087319018,-0.21440947,-0.9231749,0.3190245,0.0,-0.9225623,0.08413696,-0.3765632,0.0,0.32079196,-0.37505865,-0.8697262,0.0,-0.048698097,0.50659496,0.42591178,1.0
3087653077,-0.20460904,-0.92032486,0.3333726,0.0,-0.9324754,0.07968259,-0.35233566,0.0,0.29769927,-0.38295278,-0.87448394,0.0,-0.045849845,0.50471723,0.41639698,1.0
3088006794,-0.19300616,-0.9173694,0.34811133,0.0,-0.94260865,0.07483643,-0.32540452,0.0,0.27246487,-0.39093798,-0.8791642,0.0,-0.04430011,0.5028749,0.40538806,1.0
3088335026,-0.18106258,-0.91461664,0.36151412,0.0,-0.95185155,0.07051146,-0.29833955,0.0,0.24737546,-0.398126,-0.8833463,0.0,-0.044094265,0.5008549,0.39438874,1.0
3088674857,-0.16816306,-0.910941,0.3767063,0.0,-0.9605056,0.06547284,-0.2704484,0.0,0.22169846,-0.40730792,-0.88597417,0.0,-0.044943765,0.4983065,0.3820852,1.0
3088998812,-0.15559232,-0.90696454,0.39141563,0.0,-0.9677981,0.060585022,-0.24432774,0.0,0.19788274,-0.4168269,-0.8871851,0.0,-0.046488836,0.49560234,0.3695712,1.0
3089337414,-0.1431613,-0.90251154,0.40617394,0.0,-0.97401685,0.055711687,-0.21951537,0.0,0.17548667,-0.42704648,-0.88703716,0.0,-0.04858765,0.49255592,0.3555305,1.0
3089665921,-0.13310635,-0.89730936,0.4208548,0.0,-0.9785122,0.051511765,-0.19965115,0.0,0.15746982,-0.43838635,-0.8848846,0.0,-0.05087687,0.48952207,0.34080938,1.0
3089993997,-0.12318635,-0.8927446,0.43339634,0.0,-0.98169845,0.045710206,-0.18487512,0.0,0.14523558,-0.44823855,-0.8820368,0.0,-0.05315645,0.48710203,0.3247609,1.0
3090334117,-0.11009371,-0.8904705,0.44152266,0.0,-0.9842998,0.036018014,-0.17279235,0.0,0.13796361,-0.4536138,-0.88045526,0.0,-0.055456772,0.4864998,0.30622706,1.0
3090654549,-0.094668984,-0.88842416,0.4491551,0.0,-0.986508,0.023187816,-0.16206235,0.0,0.1335652,-0.45843738,-0.87863266,0.0,-0.05776994,0.48643807,0.2876047,1.0
3090984881,-0.076838136,-0.8869491,0.45543027,0.0,-0.98846906,0.007989585,-0.15121105,0.0,0.13047789,-0.46179762,-0.87733567,0.0,-0.060095817,0.48625556,0.26717922,1.0
3091324365,-0.0602448,-0.8845194,0.4625968,0.0,-0.9900344,-0.006148815,-0.14069113,0.0,0.12728849,-0.4664627,-0.87533426,0.0,-0.06211947,0.4857629,0.24503738,1.0
3091653083,-0.04566419,-0.8830657,0.46702194,0.0,-0.9911097,-0.018433332,-0.13176323,0.0,0.12496443,-0.4688869,-0.8743732,0.0,-0.0636259,0.4851012,0.22215456,1.0
3091988264,-0.033171892,-0.88162297,0.4707873,0.0,-0.99176806,-0.029253125,-0.12466128,0.0,0.12367624,-0.47104704,-0.8733952,0.0,-0.0645901,0.4841028,0.19740458,1.0
3092331764,-0.024035096,-0.8801396,0.47410607,0.0,-0.9921824,-0.037091494,-0.11915669,0.0,0.12245983,-0.47326365,-0.8723676,0.0,-0.06493652,0.4822574,0.17072979,1.0
3092668084,-0.017530203,-0.87859756,0.47724122,0.0,-0.9924739,-0.042566895,-0.11482099,0.0,0.12119609,-0.4756622,-0.87123895,0.0,-0.06476253,0.47952873,0.14358819,1.0
3093364681,-0.006132841,-0.8704833,0.49216017,0.0,-0.9933121,-0.051445007,-0.103367716,0.0,0.11529896,-0.48950246,-0.86434615,0.0,-0.06396396,0.46961266,0.08649957,1.0
3093773334,0.001745224,-0.8655488,0.5008217,0.0,-0.9939868,-0.056334972,-0.09389743,0.0,0.10948655,-0.49764624,-0.8604424,0.0,-0.06338346,0.46143234,0.05310402,1.0
3094084810,0.0060470104,-0.8614523,0.5078026,0.0,-0.99413663,-0.060004592,-0.08995509,0.0,0.10796249,-0.50428116,-0.8567641,0.0,-0.062829405,0.45514846,0.029539486,1.0
3094405248,0.011190355,-0.8555263,0.5176381,0.0,-0.9941957,-0.064914346,-0.085795105,0.0,0.10700217,-0.5136736,-0.8512869,0.0,-0.061427347,0.4472176,0.0050666444,1.0
3095007110,0.01841551,-0.8439046,0.5361769,0.0,-0.99400353,-0.07326412,-0.08117297,0.0,0.10778482,-0.53146696,-0.8401933,0.0,-0.057765953,0.431286,-0.038016576,1.0
3095651071,0.023315728,-0.8330695,0.5526765,0.0,-0.9935172,-0.08083427,-0.07993144,0.0,0.11126374,-0.54723006,-0.8295536,0.0,-0.05292433,0.41347677,-0.079739116,1.0
3096068991,0.02559489,-0.8275751,0.56077147,0.0,-0.9931153,-0.08519459,-0.08040002,0.0,0.114311695,-0.55485284,-0.82405806,0.0,-0.049409885,0.40200695,-0.10457168,1.0
3096383622,0.025938988,-0.82483333,0.5647807,0.0,-0.9927699,-0.08749008,-0.08217934,0.0,0.11719693,-0.5585656,-0.8211391,0.0,-0.04668491,0.39334607,-0.12219083,1.0
3097064058,0.025550842,-0.81360877,0.58085084,0.0,-0.992223,-0.09144592,-0.08444387,0.0,0.12182076,-0.5741761,-0.80961776,0.0,-0.040985808,0.37362802,-0.15616807,1.0
3098065196,0.021685839,-0.7966558,0.60404426,0.0,-0.9923723,-0.090491176,-0.0837186,0.0,0.12135553,-0.5976212,-0.7925415,0.0,-0.034700535,0.3467631,-0.19615723,1.0
3098736358,0.018208504,-0.7861154,0.61781144,0.0,-0.99299955,-0.08634472,-0.08060038,0.0,0.116705924,-0.61201894,-0.7821846,0.0,-0.033071373,0.33239892,-0.2159867,1.0
3099056665,0.016378164,-0.7831847,0.6215733,0.0,-0.99355406,-0.082488656,-0.077756256,0.0,0.11217019,-0.6162932,-0.7794874,0.0,-0.033336706,0.3269984,-0.22389819,1.0
