timestamp,fx,fy,cx,cy,pose 00,pose 01,pose 02,pose 03,pose 10,pose 11,pose 12,pose 13,pose 20,pose 21,pose 22,pose 23,pose 30,pose 31,pose 32,pose 33
3641592473,592.8307,592.96454,374.1741,203.55836,-0.0045363605,-0.0068159625,0.9999688,0.0,0.9144613,0.4046186,0.0069066286,0.0,-0.40465242,0.91446114,0.004397288,0.0,-0.037934452,-0.40895653,0.6169341,1.0
3641925672,592.8307,592.96454,374.1741,203.55836,-0.0023073256,-0.009105749,0.99995816,0.0,0.91782415,0.39695063,0.005732596,0.0,-0.39698556,0.91779584,0.0074413233,0.0,-0.037373856,-0.4112484,0.6162493,1.0
3642258871,592.8307,592.96454,374.1741,203.55836,-0.0006265044,-0.009557679,0.99995625,0.0,0.92126244,0.3889227,0.0042946637,0.0,-0.38894594,0.9212218,0.008561276,0.0,-0.036835253,-0.41271842,0.6154069,1.0
3642592069,592.8307,592.96454,374.1741,203.55836,-0.0010971725,-0.009247441,0.9999584,0.0,0.92193496,0.38732177,0.004593253,0.0,-0.38734773,0.921899,0.008100525,0.0,-0.03551735,-0.4131007,0.614335,1.0
3642925268,592.8307,592.96454,374.1741,203.55836,-0.002569437,-0.0061679073,0.99998015,0.0,0.92107177,0.38936815,0.00476864,0.0,-0.38938904,0.9210626,0.004680358,0.0,-0.033840567,-0.412928,0.61288834,1.0
3643258467,592.8307,592.96454,374.1741,203.55836,-1.257658e-05,-7.979572e-06,1.0000021,0.0,0.9214027,0.38861302,1.4901161e-05,0.0,-0.38861337,0.92140186,2.2351742e-06,0.0,-0.0323461,-0.41268548,0.6110321,1.0
3643591666,592.8307,592.96454,374.1741,203.55836,0.0049003065,0.0069693327,0.99996567,0.0,0.92000246,0.3918501,-0.007239282,0.0,-0.39188632,0.92000365,-0.0044918805,0.0,-0.030308649,-0.4125323,0.6089054,1.0
3643924864,592.8307,592.96454,374.1741,203.55836,0.010256916,0.013176024,0.99986315,0.0,0.91766536,0.3970887,-0.014646411,0.0,-0.39722636,0.91768694,-0.008018382,0.0,-0.028133422,-0.41295978,0.6067006,1.0
3644258063,592.8307,592.96454,374.1741,203.55836,0.016067088,0.017694317,0.9997167,0.0,0.916427,0.39961207,-0.021801144,0.0,-0.3998839,0.9165148,-0.009795025,0.0,-0.026322305,-0.4141767,0.6045093,1.0
3644591261,592.8307,592.96454,374.1741,203.55836,0.021180183,0.020482969,0.9995681,0.0,0.916659,0.398721,-0.027593672,0.0,-0.39911345,0.91684425,-0.010330871,0.0,-0.025007263,-0.41602898,0.60259974,1.0
3644924460,592.8307,592.96454,374.1741,203.55836,0.024600744,0.021080483,0.9994778,0.0,0.91816795,0.3949873,-0.030930191,0.0,-0.39543203,0.91844594,-0.009638622,0.0,-0.024056092,-0.41829914,0.60096467,1.0
3645257659,592.8307,592.96454,374.1741,203.55836,0.025564045,0.02068533,0.9994618,0.0,0.91925055,0.3924047,-0.031633526,0.0,-0.3928468,0.91956085,-0.008983865,0.0,-0.023003817,-0.42056206,0.59955543,1.0
3645590858,592.8307,592.96454,374.1741,203.55836,0.025898904,0.02104421,0.99944526,0.0,0.9204799,0.38947728,-0.03205332,0.0,-0.38993517,0.9207965,-0.009283848,0.0,-0.02212216,-0.4227777,0.59841317,1.0
3645924057,592.8307,592.96454,374.1741,203.55836,0.024507403,0.02225751,0.9994541,0.0,0.9232561,0.38292384,-0.031166464,0.0,-0.3834075,0.9235125,-0.011165027,0.0,-0.021621034,-0.42508766,0.5975349,1.0
3646257256,592.8307,592.96454,374.1741,203.55836,0.02355519,0.024713205,0.99941933,0.0,0.9255361,0.37738112,-0.031145424,0.0,-0.37793082,0.9257293,-0.0139837265,0.0,-0.020972103,-0.42755127,0.5967087,1.0
3646590455,592.8307,592.96454,374.1741,203.55836,0.025005579,0.026832653,0.99932975,0.0,0.9277807,0.37165082,-0.033194155,0.0,-0.37229162,0.9279857,-0.015601527,0.0,-0.020474121,-0.43026015,0.59562635,1.0
3646923653,592.8307,592.96454,374.1741,203.55836,0.029502898,0.02715889,0.99919695,0.0,0.9306364,0.36403263,-0.037373364,0.0,-0.36475497,0.9309911,-0.014535114,0.0,-0.02031912,-0.4327202,0.5940267,1.0
3647256852,592.8307,592.96454,374.1741,203.55836,0.03324586,0.023089156,0.99918103,0.0,0.9331793,0.35725632,-0.039305657,0.0,-0.35787117,0.933722,-0.00966901,0.0,-0.02016908,-0.4354162,0.59247446,1.0
3647590051,592.8307,592.96454,374.1741,203.55836,0.032790244,0.017089676,0.9993171,0.0,0.9351544,0.35233364,-0.03671044,0.0,-0.35272,0.9357195,-0.00442848,0.0,-0.019911408,-0.43832767,0.59106433,1.0
3647923250,592.8307,592.96454,374.1741,203.55836,0.032167315,0.011596676,0.9994161,0.0,0.9373985,0.346577,-0.03419307,0.0,-0.3467709,0.9379511,0.00027762726,0.0,-0.019909129,-0.44162852,0.589809,1.0
3648256448,592.8307,592.96454,374.1741,203.55836,0.03197691,0.0065393522,0.999468,0.0,0.9409388,0.337032,-0.03230995,0.0,-0.33706364,0.9414715,0.0046240017,0.0,-0.020320892,-0.44543114,0.5886292,1.0
3648589647,592.8307,592.96454,374.1741,203.55836,0.0311746,0.0025381222,0.99951154,0.0,0.94440955,0.32737407,-0.030287713,0.0,-0.32729083,0.9448926,0.0078087,0.0,-0.020663098,-0.4494756,0.58753073,1.0
3648922845,592.8307,592.96454,374.1741,203.55836,0.032498598,-0.00048229843,0.9994724,0.0,0.9472686,0.31897283,-0.030647546,0.0,-0.31878933,0.9477646,0.0108229,0.0,-0.020558,-0.45339996,0.586265,1.0
3649256044,592.8307,592.96454,374.1741,203.55836,0.034126222,-0.0028236136,0.9994143,0.0,0.948782,0.31435716,-0.03150949,0.0,-0.31408387,0.9493018,0.013406813,0.0,-0.019851536,-0.45747238,0.58491725,1.0
3649589244,592.8307,592.96454,374.1741,203.55836,0.038601547,-0.004912045,0.99924326,0.0,0.9516711,0.30508924,-0.035264134,0.0,-0.30468512,0.952312,0.016451512,0.0,-0.019307107,-0.46189827,0.5835166,1.0
3649922442,592.8307,592.96454,374.1741,203.55836,0.042705476,-0.008081265,0.9990563,0.0,0.9538961,0.29767632,-0.03836739,0.0,-0.29708502,0.9546337,0.020420952,0.0,-0.018309891,-0.46631765,0.58220184,1.0
3650255641,592.8307,592.96454,374.1741,203.55836,0.04429549,-0.01165894,0.99895144,0.0,0.9560434,0.29062197,-0.039001375,0.0,-0.28986228,0.95676816,0.024019647,0.0,-0.01711762,-0.4707701,0.5811647,1.0
3650588840,592.8307,592.96454,374.1741,203.55836,0.04326576,-0.014742881,0.99895537,0.0,0.9590079,0.28090373,-0.03739032,0.0,-0.28005892,0.95962393,0.026292043,0.0,-0.015879884,-0.47544757,0.58050835,1.0
3650922038,592.8307,592.96454,374.1741,203.55836,0.042176276,-0.01701999,0.99896616,0.0,0.9611025,0.27384827,-0.035912037,0.0,-0.2729538,0.9616235,0.027907789,0.0,-0.014095545,-0.48015165,0.5799694,1.0
3651255237,592.8307,592.96454,374.1741,203.55836,0.041896492,-0.019217122,0.9989377,0.0,0.9629638,0.26731798,-0.03524545,0.0,-0.26635656,0.96341765,0.02970507,0.0,-0.012196615,-0.48496372,0.5793528,1.0
3651588435,592.8307,592.96454,374.1741,203.55836,0.042214215,-0.021602869,0.99887604,0.0,0.9657483,0.25707582,-0.035254717,0.0,-0.25602505,0.9661507,0.031715,0.0,-0.010740846,-0.48982048,0.5786939,1.0
3651921634,592.8307,592.96454,374.1741,203.55836,0.041718543,-0.023608945,0.99885064,0.0,0.9681839,0.24784055,-0.034579903,0.0,-0.24673933,0.968514,0.033197243,0.0,-0.009248331,-0.49427444,0.5781672,1.0
3652254833,592.8307,592.96454,374.1741,203.55836,0.039854378,-0.024368513,0.9989095,0.0,0.9696841,0.24215561,-0.032781333,0.0,-0.2410925,0.9699325,0.03328063,0.0,-0.0075642318,-0.49832696,0.57773846,1.0
3652588032,591.98737,592.1254,374.17032,203.54279,0.038258612,-0.024008378,0.99898016,0.0,0.97149664,0.23494536,-0.031559974,0.0,-0.23394781,0.971713,0.03231245,0.0,-0.0064172,-0.5018551,0.57731164,1.0
3652921231,591.35474,591.4962,374.1675,203.53108,0.03767848,-0.022849023,0.9990296,0.0,0.97354496,0.22630933,-0.031541586,0.0,-0.22536899,0.9737885,0.030771442,0.0,-0.005751595,-0.50474256,0.5768346,1.0
3653254429,591.35474,591.4962,374.1675,203.53108,0.037191182,-0.02137278,0.99908066,0.0,0.974828,0.2207136,-0.031566888,0.0,-0.21983589,0.97510546,0.02904319,0.0,-0.005085066,-0.50692713,0.5763539,1.0
3653587628,591.35474,591.4962,374.1675,203.53108,0.037198067,-0.021017931,0.9990878,0.0,0.9755307,0.21756156,-0.031744212,0.0,-0.21669587,0.97582155,0.028596368,0.0,-0.0045012534,-0.50844425,0.57576233,1.0
3653920827,591.35474,591.4962,374.1675,203.53108,0.036879927,-0.022016525,0.999078,0.0,0.97609663,0.21507484,-0.03129235,0.0,-0.21418738,0.9763502,0.029422097,0.0,-0.0041255206,-0.5093305,0.57507133,1.0
3654254025,591.35474,591.4962,374.1675,203.53108,0.035708487,-0.023491979,0.99908704,0.0,0.9762653,0.21451326,-0.029849172,0.0,-0.21361606,0.97643965,0.030594174,0.0,-0.003788948,-0.5097024,0.57442886,1.0
3654587225,591.35474,591.4962,374.1675,203.53108,0.03496912,-0.024330974,0.9990929,0.0,0.9760267,0.2157244,-0.02890861,0.0,-0.21482524,0.976152,0.03129127,0.0,-0.0034705997,-0.5096697,0.5739178,1.0
3654920423,591.35474,591.4962,374.1675,203.53108,0.03539294,-0.024729215,0.9990686,0.0,0.9757482,0.21694288,-0.029197156,0.0,-0.21601866,0.9758723,0.03180741,0.0,-0.0031946003,-0.5093517,0.57337576,1.0
3655253622,591.35474,591.4962,374.1675,203.53108,0.03705716,-0.024193913,0.99902123,0.0,0.9750838,0.21968402,-0.030849129,0.0,-0.21872254,0.97527194,0.031731836,0.0,-0.0028621256,-0.5088945,0.57292694,1.0
3655586821,591.35474,591.4962,374.1675,203.53108,0.037264675,-0.023144357,0.9990387,0.0,0.97475374,0.2210871,-0.031237155,0.0,-0.22015142,0.97498065,0.030798662,0.0,-0.0028096884,-0.50838023,0.57272565,1.0
3655920020,591.35474,591.4962,374.1675,203.53108,0.036571383,-0.02143662,0.99910206,0.0,0.9745471,0.222044,-0.030908644,0.0,-0.22118199,0.9748021,0.029011339,0.0,-0.0029557943,-0.5077621,0.57281727,1.0
3656253218,591.35474,591.4962,374.1675,203.53108,0.035837054,-0.020386174,0.99915034,0.0,0.97423756,0.223469,-0.030384123,0.0,-0.2226597,0.97449905,0.027869366,0.0,-0.0031676888,-0.50695384,0.5729478,1.0
3656586417,591.35474,591.4962,374.1675,203.53108,0.033638775,-0.019941218,0.99923563,0.0,0.9736057,0.22648111,-0.028256476,0.0,-0.22574441,0.9738125,0.027033303,0.0,-0.003231138,-0.5060861,0.5731933,1.0
3656919616,591.35474,591.4962,374.1675,203.53108,0.031093776,-0.019302148,0.9993303,0.0,0.97289777,0.2297881,-0.02583322,0.0,-0.22913554,0.97305006,0.025923952,0.0,-0.0031033903,-0.5053867,0.57348174,1.0
3657252815,591.35474,591.4962,374.1675,203.53108,0.029281765,-0.01831754,0.99940413,0.0,0.9718631,0.23430456,-0.024180502,0.0,-0.2337219,0.971992,0.024662932,0.0,-0.0026015192,-0.505101,0.5737941,1.0
3657586013,591.98737,592.1254,374.17032,203.54279,0.027715147,-0.016368229,0.9994824,0.0,0.97090757,0.23834825,-0.02301982,0.0,-0.23784788,0.97104275,0.022497747,0.0,-0.0018078834,-0.5055165,0.5742343,1.0
3657919212,592.8307,592.96454,374.1741,203.55836,0.026668042,-0.013773389,0.9995503,0.0,0.9707317,0.2391032,-0.022604913,0.0,-0.23868416,0.97089773,0.01974657,0.0,-0.0010616779,-0.5066772,0.5748237,1.0
3658252410,593.40717,593.5342,374.17154,203.57126,0.02625388,-0.011983797,0.99958426,0.0,0.970755,0.2390055,-0.022631615,0.0,-0.23863472,0.9709455,0.017907953,0.0,-0.00040835142,-0.5084515,0.57559204,1.0
3658585609,593.77264,593.894,374.16794,203.58023,0.024479032,-0.012324527,0.9996255,0.0,0.9717295,0.23517242,-0.020896643,0.0,-0.23482661,0.97187686,0.017732829,0.0,-0.00014917552,-0.51051503,0.57653815,1.0
3658918808,594.3208,594.43365,374.16257,203.59363,0.02033472,-0.014466811,0.9996895,0.0,0.9734552,0.22828375,-0.016497582,0.0,-0.22797406,0.97348833,0.018724656,0.0,2.3752451e-05,-0.51237255,0.5776883,1.0
3659252007,595.05176,595.1533,374.15543,203.61154,0.01574272,-0.016378403,0.99974257,0.0,0.9745954,0.2236673,-0.011682779,0.0,-0.22341855,0.97452915,0.019483361,0.0,0.0007326007,-0.51379037,0.57902044,1.0
3659585206,595.4172,595.51306,374.15186,203.62048,0.0122354925,-0.016871646,0.99978346,0.0,0.9751258,0.221502,-0.0081961155,0.0,-0.22131567,0.97501475,0.019162117,0.0,0.0017792135,-0.5149642,0.58045745,1.0
3659918404,596.1482,596.2327,374.14468,203.63837,0.008163333,-0.015714955,0.9998442,0.0,0.97553915,0.21978107,-0.0045107007,0.0,-0.2196758,0.975424,0.017124573,0.0,0.0028290302,-0.5160546,0.5820301,1.0
3660251603,595.4172,595.51306,374.15186,203.62048,0.004408568,-0.013887081,0.999895,0.0,0.97628576,0.21648473,-0.001297921,0.0,-0.21644376,0.9761882,0.014511925,0.0,0.0038960278,-0.5170275,0.5835984,1.0
3660584802,595.05176,595.1533,374.15543,203.61154,0.0017870069,-0.013457827,0.99990904,0.0,0.9767708,0.2142855,0.0011383295,0.0,-0.21428119,0.97667974,0.013528015,0.0,0.0049464405,-0.51796997,0.5847997,1.0
3660918001,594.3208,594.43365,374.16257,203.59363,0.0004631281,-0.014352389,0.9998975,0.0,0.9776831,0.21007007,0.0025621355,0.0,-0.21008529,0.97758204,0.0141293295,0.0,0.0055534095,-0.51885736,0.5856658,1.0
3661251200,593.77264,593.894,374.16794,203.58023,-0.00018513203,-0.016248643,0.9998693,0.0,0.9781966,0.20765235,0.0035555363,0.0,-0.20768285,0.97806907,0.015855756,0.0,0.006205991,-0.5196862,0.5863652,1.0
3661584398,593.77264,593.894,374.16794,203.58023,-0.00235492,-0.018816754,0.99982107,0.0,0.97832274,0.20699428,0.0061994493,0.0,-0.20707381,0.97816205,0.017921375,0.0,0.0069019347,-0.5205521,0.58702874,1.0
3661917597,593.77264,593.894,374.16794,203.58023,-0.0050025284,-0.021150623,0.9997643,0.0,0.97909,0.20322132,0.00919804,0.0,-0.20336784,0.9789052,0.019691598,0.0,0.007207945,-0.5214183,0.5876486,1.0
3662250795,593.77264,593.894,374.16794,203.58023,-0.0074837506,-0.022421893,0.99972165,0.0,0.9795274,0.20096493,0.011839598,0.0,-0.20117418,0.9793427,0.020458616,0.0,0.007617533,-0.52220887,0.58834594,1.0
3662583994,593.77264,593.894,374.16794,203.58023,-0.011011571,-0.022399314,0.9996893,0.0,0.9795146,0.20079303,0.015288293,0.0,-0.201073,0.97937864,0.019729339,0.0,0.007925674,-0.52283055,0.58910334,1.0
3662917193,593.77264,593.894,374.16794,203.58023,-0.012226671,-0.022128321,0.9996808,0.0,0.9797974,0.19932058,0.016395181,0.0,-0.19961976,0.97968554,0.01924426,0.0,0.007828236,-0.52322876,0.5896617,1.0
3663250392,593.77264,593.894,374.16794,203.58023,-0.012383431,-0.023608372,0.9996453,0.0,0.9801821,0.19738609,0.016803712,0.0,-0.19771262,0.9800425,0.020696037,0.0,0.0074556917,-0.52339876,0.5899609,1.0
3663583591,593.77264,593.894,374.16794,203.58023,-0.013634384,-0.025119785,0.99959195,0.0,0.98061615,0.19508569,0.018277526,0.0,-0.19546528,0.9804655,0.021973057,0.0,0.0069970787,-0.52331734,0.59030604,1.0
3663916789,593.77264,593.894,374.16794,203.58023,-0.015482396,-0.026294254,0.9995351,0.0,0.98082656,0.19382533,0.02029115,0.0,-0.19426854,0.9806845,0.0227891,0.0,0.006715581,-0.52305347,0.5907183,1.0
3664249988,593.77264,593.894,374.16794,203.58023,-0.017738521,-0.027142432,0.999475,0.0,0.98085517,0.19341984,0.022660285,0.0,-0.19393307,0.98074144,0.023191636,0.0,0.0063483566,-0.52257943,0.5912095,1.0
3664583187,593.77264,593.894,374.16794,203.58023,-0.01875335,-0.02805626,0.99943143,0.0,0.98079216,0.19359587,0.023838013,0.0,-0.19415458,0.9806813,0.02388666,0.0,0.005877331,-0.5218204,0.59164304,1.0
3664916385,593.77264,593.894,374.16794,203.58023,-0.018857986,-0.028344236,0.9994212,0.0,0.98090637,0.19299859,0.023981988,0.0,-0.19356656,0.98079056,0.02416335,0.0,0.005354181,-0.52077645,0.592192,1.0
3665249584,593.77264,593.894,374.16794,203.58023,-0.019900233,-0.028112702,0.9994077,0.0,0.9808423,0.19319735,0.024964988,0.0,-0.19378479,0.9807582,0.023729414,0.0,0.0050879717,-0.5194821,0.5929334,1.0
3665582783,593.77264,593.894,374.16794,203.58023,-0.02018714,-0.028374035,0.9993941,0.0,0.98006463,0.19704902,0.025390953,0.0,-0.19765006,0.97998375,0.023830444,0.0,0.0058264732,-0.5182622,0.5937293,1.0
3665915982,593.77264,593.894,374.16794,203.58023,-0.020723939,-0.030544683,0.9993195,0.0,0.9782109,0.20590705,0.0265795,0.0,-0.2065786,0.97809577,0.025611874,0.0,0.0070481896,-0.51781535,0.5943291,1.0
3666249181,593.77264,593.894,374.16794,203.58023,-0.021654367,-0.03375279,0.9991965,0.0,0.9785517,0.20407964,0.02810046,0.0,-0.20486398,0.97837317,0.028609378,0.0,0.007203236,-0.51812136,0.59479564,1.0
3666582379,593.77264,593.894,374.16794,203.58023,-0.021623403,-0.036570586,0.9990982,0.0,0.9791473,0.2011355,0.028553605,0.0,-0.20199822,0.97888184,0.03145873,0.0,0.0072520524,-0.51876503,0.59515965,1.0
3666915578,593.77264,593.894,374.16794,203.58023,-0.021894246,-0.03841508,0.99902296,0.0,0.97953534,0.19915564,0.029124826,0.0,-0.2000798,0.9792157,0.033268537,0.0,0.007421568,-0.51929045,0.5956418,1.0
3667248777,593.77264,593.894,374.16794,203.58023,-0.02251184,-0.039301567,0.9989746,0.0,0.97994363,0.19702937,0.02983439,0.0,-0.1979999,0.97961074,0.034077764,0.0,0.0077676475,-0.519557,0.59618515,1.0
3667581976,593.77264,593.894,374.16794,203.58023,-0.023207039,-0.03950272,0.9989503,0.0,0.97914594,0.20082672,0.030688077,0.0,-0.20182832,0.97883075,0.034018338,0.0,0.0087213665,-0.5196073,0.5966426,1.0
3667915174,593.77264,593.894,374.16794,203.58023,-0.023037732,-0.039071254,0.9989713,0.0,0.97885835,0.2022571,0.03048405,0.0,-0.20324014,0.9785538,0.033585697,0.0,0.009271935,-0.5195775,0.5968905,1.0
3668248373,593.77264,593.894,374.16794,203.58023,-0.021768987,-0.038328115,0.9990289,0.0,0.97865033,0.2034597,0.0291304,0.0,-0.2043785,0.9783338,0.03308056,0.0,0.009578571,-0.51964164,0.5969469,1.0
3668581571,593.77264,593.894,374.16794,203.58023,-0.021063685,-0.037180748,0.99908745,0.0,0.97814953,0.20597155,0.028287232,0.0,-0.20683515,0.9778524,0.032029673,0.0,0.009876668,-0.51963866,0.5969493,1.0
3668914770,593.77264,593.894,374.16794,203.58023,-0.02033782,-0.035219297,0.99917394,0.0,0.9778264,0.20764232,0.027222157,0.0,-0.20842935,0.9775719,0.030215148,0.0,0.009821355,-0.51961386,0.59692085,1.0
3669247969,593.77264,593.894,374.16794,203.58023,-0.01876387,-0.03228368,0.9993032,0.0,0.97765446,0.20871584,0.025099754,0.0,-0.20938078,0.97744435,0.02764586,0.0,0.0095817,-0.51946443,0.5967822,1.0
3669581168,593.77264,593.894,374.16794,203.58023,-0.01750812,-0.028972294,0.9994277,0.0,0.97691673,0.21235001,0.023269355,0.0,-0.2129027,0.9767655,0.024585545,0.0,0.0095810145,-0.5191665,0.59654593,1.0
3669914366,593.77264,593.894,374.16794,203.58023,-0.015910864,-0.026013017,0.9995358,0.0,0.97601056,0.21669227,0.021175563,0.0,-0.21714237,0.9758943,0.021941114,0.0,0.009843543,-0.51875895,0.5961111,1.0
3670247565,593.77264,593.894,374.16794,203.58023,-0.013194203,-0.024277974,0.9996191,0.0,0.9747209,0.22267999,0.018273562,0.0,-0.2230385,0.9745902,0.020725943,0.0,0.010274082,-0.51836944,0.59538877,1.0
3670580764,593.77264,593.894,374.16794,203.58023,-0.009411931,-0.02317965,0.999688,0.0,0.9740598,0.2258335,0.014406681,0.0,-0.22609697,0.9738914,0.020452857,0.0,0.010350138,-0.51801705,0.59452635,1.0
3670913963,593.77264,593.894,374.16794,203.58023,-0.0056773424,-0.022532407,0.99973047,0.0,0.9734465,0.22866519,0.010681748,0.0,-0.22884426,0.9732457,0.020635774,0.0,0.010365397,-0.5175184,0.5937021,1.0
3671247161,593.77264,593.894,374.16794,203.58023,-0.0033929348,-0.02189606,0.9997555,0.0,0.9726329,0.23219773,0.008386046,0.0,-0.23232424,0.9724229,0.020508725,0.0,0.010484055,-0.51676476,0.5930803,1.0
3671580360,593.77264,593.894,374.16794,203.58023,-0.0026519299,-0.021900926,0.99975747,0.0,0.9719197,0.23518625,0.0077299774,0.0,-0.23529854,0.97170454,0.020662125,0.0,0.010717586,-0.5159588,0.5926213,1.0
3671913559,593.77264,593.894,374.16794,203.58023,-0.0030044317,-0.022725768,0.99973804,0.0,0.9708214,0.23965988,0.008364975,0.0,-0.239787,0.9705919,0.021342425,0.0,0.011152074,-0.51520663,0.592141,1.0
3672246757,593.77264,593.894,374.16794,203.58023,-0.0029824972,-0.024603415,0.99969393,0.0,0.9705477,0.2407496,0.008820146,0.0,-0.24089281,0.9702769,0.023160735,0.0,0.011324808,-0.5146333,0.5914506,1.0
3672579956,593.77264,593.894,374.16794,203.58023,-0.0020655692,-0.02711016,0.999631,0.0,0.97058403,0.24061288,0.008530915,0.0,-0.24075532,0.97024375,0.025815686,0.0,0.011527687,-0.5141236,0.59062034,1.0
3672913155,593.77264,593.894,374.16794,203.58023,0.00057300925,-0.030914228,0.9995227,0.0,0.9696183,0.24452361,0.0070066154,0.0,-0.24462347,0.96915156,0.030115005,0.0,0.012172431,-0.51367944,0.5895998,1.0
3673246354,593.77264,593.894,374.16794,203.58023,0.003739357,-0.035125673,0.9993769,0.0,0.96947205,0.24515352,0.0049887896,0.0,-0.24517554,0.9688488,0.03496975,0.0,0.01249136,-0.5133439,0.5886088,1.0
3673579552,593.77264,593.894,374.16794,203.58023,0.0060036182,-0.037358478,0.9992848,0.0,0.96886724,0.24755815,0.0034337938,0.0,-0.24750915,0.96815336,0.0376815,0.0,0.012950122,-0.51306295,0.5879936,1.0
3673912751,593.77264,593.894,374.16794,203.58023,0.007213354,-0.037020966,0.9992894,0.0,0.96842575,0.24929476,0.0022447705,0.0,-0.2492005,0.96772075,0.037650164,0.0,0.01316461,-0.5129084,0.587837,1.0
3674245950,593.77264,593.894,374.16794,203.58023,0.007174939,-0.03455457,0.9993776,0.0,0.9678967,0.25134233,0.0017412603,0.0,-0.2512461,0.9672822,0.035248615,0.0,0.013330355,-0.51275736,0.58809197,1.0
3674579148,593.77264,593.894,374.16794,203.58023,0.0066544414,-0.031035382,0.99949676,0.0,0.9672474,0.25383222,0.0014416575,0.0,-0.25374904,0.9667512,0.031707887,0.0,0.013450071,-0.5124718,0.58848655,1.0
3674912347,593.77264,593.894,374.16794,203.58023,0.005818069,-0.027577981,0.99960285,0.0,0.96664214,0.25612774,0.00143978,0.0,-0.2560657,0.96625024,0.028148277,0.0,0.013570979,-0.51204246,0.588836,1.0
3675245546,593.77264,593.894,374.16794,203.58023,0.0063378513,-0.024498649,0.99968064,0.0,0.9654799,0.26047814,0.00026229024,0.0,-0.2604013,0.9651699,0.025303826,0.0,0.013803735,-0.5114385,0.5890049,1.0
3675578745,593.77264,593.894,374.16794,203.58023,0.008576721,-0.02262311,0.99970824,0.0,0.9640919,0.26556098,-0.0022618175,0.0,-0.26543224,0.9638297,0.024088258,0.0,0.013958991,-0.51074404,0.58893794,1.0
3675911943,593.77264,593.894,374.16794,203.58023,0.010236025,-0.021749713,0.99971193,0.0,0.96345377,0.26784575,-0.004037708,0.0,-0.2676807,0.9632173,0.023696544,0.0,0.013663471,-0.510026,0.58889097,1.0
3676245142,593.77264,593.894,374.16794,203.58023,0.009864479,-0.021206744,0.9997274,0.0,0.962986,0.26952574,-0.0037849545,0.0,-0.26937178,0.9627609,0.02308046,0.0,0.0132133365,-0.509244,0.58900493,1.0
3676578341,593.77264,593.894,374.16794,203.58023,0.0088971555,-0.020536993,0.99975044,0.0,0.9624119,0.27157828,-0.0029863715,0.0,-0.27144912,0.96219856,0.02218116,0.0,0.012815863,-0.50837743,0.58919203,1.0
3676911540,593.77264,593.894,374.16794,203.58023,0.008681327,-0.019986294,0.99976337,0.0,0.9618011,0.27373406,-0.0028796196,0.0,-0.27361166,0.9615988,0.021599092,0.0,0.012535974,-0.5075496,0.5893239,1.0
3677244738,593.77264,593.894,374.16794,203.58023,0.009153962,-0.019845337,0.9997618,0.0,0.9605114,0.27822238,-0.0032720566,0.0,-0.27809113,0.960313,0.021608446,0.0,0.012488946,-0.5068162,0.58945477,1.0
3677577938,593.77264,593.894,374.16794,203.58023,0.009091526,-0.020166006,0.9997559,0.0,0.95960575,0.28133264,-0.0030517876,0.0,-0.28120214,0.95939916,0.02190898,0.0,0.012334198,-0.5061883,0.5897238,1.0
3677911135,593.77264,593.894,374.16794,203.58023,0.007944405,-0.020570956,0.99975806,0.0,0.9580382,0.28663754,-0.0017154813,0.0,-0.2865326,0.9578193,0.021984793,0.0,0.012425438,-0.50568295,0.5902408,1.0
3678244334,593.77264,593.894,374.16794,203.58023,0.0057457983,-0.021124024,0.99976146,0.0,0.9565894,0.29143882,0.00065997243,0.0,-0.29138306,0.95635724,0.021881387,0.0,0.012435406,-0.5053438,0.59087324,1.0
3678577533,593.77264,593.894,374.16794,203.58023,0.0034122765,-0.022291552,0.99974656,0.0,0.9554922,0.29499853,0.0033161044,0.0,-0.29499754,0.95523876,0.02230595,0.0,0.0122786015,-0.5050548,0.5914951,1.0
3678910732,593.77264,593.894,374.16794,203.58023,0.00021725893,-0.024189904,0.99970824,0.0,0.95474994,0.2973293,0.006986499,0.0,-0.29741135,0.9544696,0.023159694,0.0,0.01182951,-0.5046581,0.592114,1.0
3679243930,593.77264,593.894,374.16794,203.58023,-0.002220869,-0.027012955,0.9996332,0.0,0.9548085,0.29704922,0.010148078,0.0,-0.29721427,0.9544809,0.025132518,0.0,0.011219561,-0.5038544,0.5924383,1.0
3679577129,593.77264,593.894,374.16794,203.58023,-0.0035503507,-0.030132864,0.9995405,0.0,0.9531295,0.30230495,0.012498826,0.0,-0.30254257,0.9527358,0.027647186,0.0,0.011252701,-0.50258094,0.5925853,1.0
3679910328,593.77264,593.894,374.16794,203.58023,-0.006114453,-0.032007117,0.99946976,0.0,0.95125914,0.30799443,0.015682667,0.0,-0.30833304,0.9508503,0.02856386,0.0,0.011152104,-0.50099534,0.592778,1.0
3680243527,593.77264,593.894,374.16794,203.58023,-0.0065380633,-0.03222868,0.9994601,0.0,0.9504491,0.31045657,0.01622814,0.0,-0.3108119,0.950042,0.02860193,0.0,0.010782853,-0.49909836,0.592836,1.0
3680576726,593.40717,593.5342,374.17154,203.57126,-0.005561739,-0.032259878,0.99946487,0.0,0.9483031,0.3169886,0.0155080855,0.0,-0.31731904,0.9478816,0.02882902,0.0,0.010784164,-0.49682757,0.5928247,1.0
3680909924,592.8307,592.96454,374.1741,203.55836,-0.0065523684,-0.031382136,0.99948716,0.0,0.9461394,0.32334712,0.016355008,0.0,-0.32369402,0.9457611,0.027572835,0.0,0.010949478,-0.49441814,0.5929916,1.0
3681243123,592.8307,592.96454,374.1741,203.55836,-0.006859541,-0.030519564,0.9995121,0.0,0.9439586,0.3296507,0.016543746,0.0,-0.32999432,0.9436106,0.026547838,0.0,0.011266246,-0.4920734,0.5929242,1.0
3681576321,592.8307,592.96454,374.1741,203.55836,-0.0057676733,-0.030192304,0.9995284,0.0,0.94202095,0.3351954,0.015560567,0.0,-0.33550665,0.94166577,0.026508357,0.0,0.011537418,-0.4899497,0.5926456,1.0
3681909520,592.8307,592.96454,374.1741,203.55836,-0.005492121,-0.029136863,0.99956095,0.0,0.9402265,0.3402174,0.015082926,0.0,-0.3405074,0.9398963,0.025526648,0.0,0.011826634,-0.48808336,0.59248066,1.0
3682242719,592.8307,592.96454,374.1741,203.55836,-0.0051939487,-0.027643263,0.9996051,0.0,0.93881136,0.3441316,0.014394581,0.0,-0.34439334,0.9385156,0.02416431,0.0,0.012027279,-0.48659784,0.5923495,1.0
3682575918,592.8307,592.96454,374.1741,203.55836,-0.0059244037,-0.025456563,0.9996595,0.0,0.93760186,0.34741375,0.014403462,0.0,-0.34766164,0.9373674,0.021809705,0.0,0.012126803,-0.48561317,0.5923639,1.0
3682909116,592.8307,592.96454,374.1741,203.55836,-0.0075679123,-0.022165164,0.9997264,0.0,0.93746495,0.34776527,0.014806598,0.0,-0.34799835,0.9373205,0.018147286,0.0,0.012038693,-0.48503378,0.59253466,1.0
3683242315,592.8307,592.96454,374.1741,203.55836,-0.007870495,-0.018879786,0.99979156,0.0,0.936792,0.3496079,0.013975918,0.0,-0.3497986,0.93670666,0.014934808,0.0,0.01209648,-0.48478603,0.5926301,1.0
3683575514,592.8307,592.96454,374.1741,203.55836,-0.008693248,-0.017255504,0.99981374,0.0,0.9368243,0.34951362,0.014177322,0.0,-0.34969318,0.93677366,0.013127048,0.0,0.011841252,-0.48459,0.5925756,1.0
3683908713,592.8307,592.96454,374.1741,203.55836,-0.010262191,-0.016834699,0.9998065,0.0,0.9373522,0.3480403,0.015481174,0.0,-0.34823316,0.93732965,0.012208212,0.0,0.011566192,-0.48396808,0.5923832,1.0
3684241911,592.8307,592.96454,374.1741,203.55836,-0.011722714,-0.016110156,0.9998024,0.0,0.93689364,0.3492201,0.016611934,0.0,-0.3494185,0.93690336,0.010999676,0.0,0.011679947,-0.48277164,0.59211713,1.0
3684575110,592.8307,592.96454,374.1741,203.55836,-0.010467172,-0.015711155,0.99982285,0.0,0.9357896,0.3522272,0.015331209,0.0,-0.35240513,0.9357835,0.011015367,0.0,0.012176961,-0.4811499,0.59153974,1.0
3684908308,592.8307,592.96454,374.1741,203.55836,-0.008686572,-0.016794913,0.9998223,0.0,0.9348613,0.35473475,0.014080524,0.0,-0.35490796,0.9348173,0.012619466,0.0,0.012544721,-0.47932523,0.5907399,1.0
3685241507,592.8307,592.96454,374.1741,203.55836,-0.0070295036,-0.01855531,0.99980336,0.0,0.934872,0.354742,0.013156176,0.0,-0.35491621,0.9347809,0.014853172,0.0,0.012922123,-0.47723073,0.58982897,1.0
3685574706,592.8307,592.96454,374.1741,203.55836,-0.0034239292,-0.021123033,0.9997722,0.0,0.93251204,0.36097813,0.010819912,0.0,-0.3611241,0.9323363,0.018461462,0.0,0.013998255,-0.4749352,0.5887144,1.0
3685907905,592.8307,592.96454,374.1741,203.55836,0.00080403686,-0.024063036,0.99971086,0.0,0.9322167,0.3618146,0.007958859,0.0,-0.36190116,0.9319407,0.022722691,0.0,0.01464282,-0.47270894,0.5876758,1.0
3686241104,591.98737,592.1254,374.17032,203.54279,0.004973054,-0.028202165,0.99959046,0.0,0.9298822,0.36781266,0.005750954,0.0,-0.36782402,0.92947274,0.028053828,0.0,0.01607287,-0.47060817,0.58674717,1.0
3686574302,591.35474,591.4962,374.1675,203.53108,0.009179145,-0.034649137,0.9993582,0.0,0.92731684,0.37425092,0.00445804,0.0,-0.37416497,0.92668074,0.035566006,0.0,0.017428651,-0.4691835,0.585888,1.0
3686907501,590.72217,590.8668,374.16473,203.5194,0.010982662,-0.042914756,0.99901927,0.0,0.92833245,0.3717071,0.005761385,0.0,-0.37158972,0.9273588,0.043921553,0.0,0.018040255,-0.4685806,0.58522516,1.0
3687240700,590.0896,590.23755,374.16193,203.50769,0.012601435,-0.0514051,0.998599,0.0,0.92759955,0.37350124,0.0075211823,0.0,-0.3733645,0.9262053,0.0523901,0.0,0.019032106,-0.468552,0.58462065,1.0
3687573898,590.72217,590.8668,374.16473,203.5194,0.0139962435,-0.057334356,0.9982576,0.0,0.92951024,0.36870676,0.008143902,0.0,-0.36853132,0.92777705,0.05845342,0.0,0.019251853,-0.4691953,0.584453,1.0
3687907097,591.35474,591.4962,374.1675,203.53108,0.014040828,-0.059786957,0.9981136,0.0,0.93127936,0.364203,0.0087147355,0.0,-0.36403668,0.9293999,0.06079206,0.0,0.019551128,-0.4701121,0.5848667,1.0
3688240296,591.35474,591.4962,374.1675,203.53108,0.0115382075,-0.059887767,0.9981391,0.0,0.93220085,0.36177787,0.010930121,0.0,-0.36175898,0.9303397,0.0600016,0.0,0.019989118,-0.47105342,0.58569235,1.0
3688573494,591.35474,591.4962,374.1675,203.53108,0.008796692,-0.05823826,0.9982649,0.0,0.9338073,0.3575545,0.012630314,0.0,-0.35766912,0.93207544,0.05752836,0.0,0.020301342,-0.4719429,0.5865972,1.0
3688906693,591.35474,591.4962,374.1675,203.53108,0.008822888,-0.0570876,0.99833065,0.0,0.93396735,0.35715112,0.012168497,0.0,-0.35724968,0.9323013,0.0564691,0.0,0.021061406,-0.47261673,0.5872127,1.0
3689239892,591.35474,591.4962,374.1675,203.53108,0.009059787,-0.058049783,0.9982734,0.0,0.933457,0.35847706,0.012373745,0.0,-0.3585762,0.9317333,0.057434574,0.0,0.02195263,-0.47335052,0.587692,1.0
3689573091,591.35474,591.4962,374.1675,203.53108,0.008477032,-0.060428128,0.9981373,0.0,0.9351664,0.35395277,0.013486147,0.0,-0.3541082,0.93331015,0.059510678,0.0,0.02239713,-0.47420055,0.5881723,1.0
3689906289,591.35474,591.4962,374.1675,203.53108,0.007157266,-0.06251301,0.9980194,0.0,0.93465495,0.35521647,0.01554656,0.0,-0.3554846,0.9326925,0.060970347,0.0,0.023610756,-0.47490817,0.5888891,1.0
3690239488,591.35474,591.4962,374.1675,203.53108,0.0041573346,-0.06395078,0.9979449,0.0,0.934212,0.35621548,0.018934786,0.0,-0.35669446,0.9322138,0.061224483,0.0,0.02487588,-0.4757856,0.58991265,1.0
3690572686,591.35474,591.4962,374.1675,203.53108,0.0004491806,-0.064851135,0.9978956,0.0,0.9347401,0.35461134,0.022624403,0.0,-0.35533231,0.93276304,0.06077827,0.0,0.025918677,-0.47689933,0.5909544,1.0
3690905885,591.35474,591.4962,374.1675,203.53108,-0.0025227368,-0.06564643,0.99784046,0.0,0.93446803,0.35511726,0.025724769,0.0,-0.3560391,0.9325149,0.06044855,0.0,0.027116284,-0.47797546,0.59172463,1.0
3691239084,591.35474,591.4962,374.1675,203.53108,-0.0045708716,-0.066475235,0.99777865,0.0,0.9345117,0.35483754,0.02792114,0.0,-0.35590515,0.9325632,0.06049981,0.0,0.02817148,-0.47909278,0.5921432,1.0
3691572283,591.35474,591.4962,374.1675,203.53108,-0.005513519,-0.067579284,0.9976997,0.0,0.93385327,0.3564541,0.029304951,0.0,-0.35761443,0.93186694,0.061143663,0.0,0.029147208,-0.48036188,0.59217954,1.0
3691905481,591.35474,591.4962,374.1675,203.53108,-0.0053005815,-0.0690382,0.99760103,0.0,0.9343119,0.3552312,0.029547453,0.0,-0.3564186,0.9322264,0.06262023,0.0,0.029654577,-0.48179692,0.5918232,1.0
3692238680,591.35474,591.4962,374.1675,203.53108,-0.004041046,-0.07045826,0.9975075,0.0,0.9344972,0.3548004,0.0288468,0.0,-0.35594836,0.93228465,0.06440911,0.0,0.030077025,-0.48318022,0.5911932,1.0
3692571879,591.35474,591.4962,374.1675,203.53108,-0.0038476884,-0.07137196,0.99744314,0.0,0.9347693,0.35407543,0.028941244,0.0,-0.35523555,0.9324905,0.06535385,0.0,0.030427173,-0.48423848,0.59051824,1.0
3692905078,591.35474,591.4962,374.1675,203.53108,-0.0031611621,-0.07148061,0.9974379,0.0,0.9334909,0.35746285,0.028575331,0.0,-0.35858926,0.93118906,0.06559638,0.0,0.03122139,-0.48463216,0.5897409,1.0
3693238276,591.35474,591.4962,374.1675,203.53108,-0.0019780993,-0.07154305,0.9974365,0.0,0.92945313,0.36785957,0.028228492,0.0,-0.36893573,0.9271261,0.06576809,0.0,0.032648876,-0.48458958,0.5887795,1.0
3693571475,591.35474,591.4962,374.1675,203.53108,-0.0007764101,-0.07266143,0.9973575,0.0,0.9274149,0.37299323,0.02789557,0.0,-0.37403426,0.92498577,0.06709764,0.0,0.033314943,-0.48492995,0.58738416,1.0
3693904673,591.35474,591.4962,374.1675,203.53108,-3.7372112e-05,-0.074984096,0.99718565,0.0,0.9260813,0.37626034,0.028327346,0.0,-0.3773252,0.9234753,0.06942731,0.0,0.033846885,-0.4853847,0.58563066,1.0
3694237872,591.35474,591.4962,374.1675,203.53108,0.0022764504,-0.077172846,0.9970158,0.0,0.9214987,0.38738036,0.02788046,0.0,-0.38837564,0.91868514,0.071996525,0.0,0.035385758,-0.48577055,0.5836006,1.0
3694571071,591.35474,591.4962,374.1675,203.53108,0.0056779683,-0.07828057,0.9969163,0.0,0.9180983,0.39551088,0.02582711,0.0,-0.3963128,0.9151205,0.07411485,0.0,0.036473453,-0.4866406,0.5815479,1.0
3694904270,591.35474,591.4962,374.1675,203.53108,0.009138972,-0.0777044,0.9969349,0.0,0.9167925,0.39872083,0.02267307,0.0,-0.39926034,0.9137757,0.07488262,0.0,0.037003905,-0.48818356,0.57972795,1.0
3695237469,591.35474,591.4962,374.1675,203.53108,0.010162652,-0.07677597,0.9969978,0.0,0.9143199,0.40440577,0.021821916,0.0,-0.40486664,0.91135293,0.074307576,0.0,0.03787519,-0.49047914,0.5782393,1.0
3695570667,591.35474,591.4962,374.1675,203.53108,0.009699404,-0.07576355,0.99707985,0.0,0.91421956,0.40463075,0.021852493,0.0,-0.4051045,0.9113378,0.07318903,0.0,0.03844516,-0.49345335,0.57683814,1.0
3695903866,591.35474,591.4962,374.1675,203.53108,0.009976894,-0.07549613,0.99709696,0.0,0.91423917,0.40460497,0.021486998,0.0,-0.40505227,0.91137105,0.07305819,0.0,0.03919667,-0.4965896,0.57505274,1.0
3696237065,591.35474,591.4962,374.1675,203.53108,0.012118518,-0.075858034,0.9970456,0.0,0.9134253,0.4065239,0.01982674,0.0,-0.40682697,0.91048664,0.07421707,0.0,0.040307283,-0.49994397,0.5727961,1.0
3696570264,591.98737,592.1254,374.17032,203.54279,0.015717149,-0.07712076,0.996899,0.0,0.91520727,0.40263778,0.016718924,0.0,-0.4026785,0.91210604,0.07690972,0.0,0.040838584,-0.5039547,0.5702563,1.0
3696903462,592.8307,592.96454,374.1741,203.55836,0.018007845,-0.07854208,0.9967488,0.0,0.9190615,0.3938505,0.014430016,0.0,-0.39370325,0.91581374,0.079277396,0.0,0.041070998,-0.5081868,0.56770474,1.0
3697236660,593.40717,593.5342,374.17154,203.57126,0.021461725,-0.079260245,0.9966239,0.0,0.92019755,0.39129224,0.011302769,0.0,-0.39086673,0.91684806,0.08133284,0.0,0.04210867,-0.5121607,0.56515455,1.0
3697569859,593.77264,593.894,374.16794,203.58023,0.024636835,-0.079378635,0.9965411,0.0,0.92103213,0.38939935,0.008247137,0.0,-0.38870692,0.91764325,0.08270385,0.0,0.043352485,-0.51601696,0.5629166,1.0
3697903058,593.77264,593.894,374.16794,203.58023,0.026437044,-0.07905654,0.99652076,0.0,0.9219715,0.38720828,0.0062586367,0.0,-0.38635567,0.918598,0.0831243,0.0,0.04478529,-0.5198494,0.56102765,1.0
3698236257,593.77264,593.894,374.16794,203.58023,0.028268576,-0.07903213,0.996472,0.0,0.922034,0.38708314,0.004543245,0.0,-0.38607615,0.9186528,0.08381251,0.0,0.04638563,-0.52369773,0.5592151,1.0
3698569455,593.40717,593.5342,374.17154,203.57126,0.030441701,-0.079644546,0.9963597,0.0,0.9223463,0.3863566,0.002702862,0.0,-0.3851649,0.9189055,0.08522105,0.0,0.047908857,-0.52760065,0.55735654,1.0
3698902654,592.8307,592.96454,374.1741,203.55836,0.032103688,-0.08126604,0.9961756,0.0,0.92282975,0.38520515,0.0016837418,0.0,-0.383869,0.91924673,0.087361336,0.0,0.04945898,-0.5315541,0.5554467,1.0
3699235853,592.8307,592.96454,374.1741,203.55836,0.03365904,-0.08287205,0.99599296,0.0,0.92344475,0.38373268,0.0007210374,0.0,-0.38225442,0.9197195,0.08944355,0.0,0.05102825,-0.5355781,0.5535605,1.0
3699569052,592.8307,592.96454,374.1741,203.55836,0.03423944,-0.08302948,0.9959598,0.0,0.9242021,0.38190475,6.502867e-05,0.0,-0.38036698,0.9204657,0.08981216,0.0,0.05264008,-0.5394342,0.55199945,1.0
3699902250,592.8307,592.96454,374.1741,203.55836,0.033247948,-0.08113908,0.9961486,0.0,0.92459124,0.3809612,0.00017035007,0.0,-0.37950772,0.92102516,0.08768669,0.0,0.054354742,-0.54309225,0.55079305,1.0
3700235449,592.8307,592.96454,374.1741,203.55836,0.031930298,-0.07788493,0.99645203,0.0,0.9243586,0.38152713,0.00020056963,0.0,-0.38018867,0.92107177,0.08417561,0.0,0.056262285,-0.54642653,0.54971623,1.0
3700568647,592.8307,592.96454,374.1741,203.55836,0.029788405,-0.07364964,0.9968404,0.0,0.9232512,0.3841971,0.00079616904,0.0,-0.38304153,0.9203101,0.07944153,0.0,0.05836025,-0.5493623,0.54879785,1.0
3700901846,592.8307,592.96454,374.1741,203.55836,0.02768308,-0.06926985,0.9972143,0.0,0.9218595,0.3875224,0.0013269186,0.0,-0.38653487,0.91925484,0.07458487,0.0,0.0605734,-0.55196035,0.5479121,1.0
3701235045,592.8307,592.96454,374.1741,203.55836,0.024477243,-0.0640409,0.99764776,0.0,0.919673,0.39267683,0.0026420057,0.0,-0.3919222,0.91744524,0.068508424,0.0,0.06286426,-0.554166,0.5472799,1.0
3701568244,592.8307,592.96454,374.1741,203.55836,0.022248149,-0.057995725,0.9980701,0.0,0.91718274,0.39845893,0.0027083158,0.0,-0.39784643,0.9153521,0.06205754,0.0,0.065224126,-0.55603194,0.54688764,1.0
3701901442,592.8307,592.96454,374.1741,203.55836,0.020921767,-0.05314717,0.99836814,0.0,0.9147232,0.4040751,0.002341181,0.0,-0.40354005,0.9131818,0.05706889,0.0,0.06737727,-0.55776346,0.54660165,1.0
3702234641,592.8307,592.96454,374.1741,203.55836,0.018940777,-0.049749535,0.9985827,0.0,0.9128918,0.40819094,0.0030202866,0.0,-0.40776235,0.9115408,0.05314733,0.0,0.06930393,-0.5595217,0.5464728,1.0
3702567840,592.8307,592.96454,374.1741,203.55836,0.016297162,-0.048308805,0.9987004,0.0,0.9124249,0.40921542,0.004904896,0.0,-0.4089203,0.9111591,0.05074726,0.0,0.07088232,-0.56141436,0.5463969,1.0
3702901039,592.8307,592.96454,374.1741,203.55836,0.012515128,-0.04807525,0.998766,0.0,0.9124628,0.4090787,0.008256704,0.0,-0.4089704,0.91123307,0.048986506,0.0,0.07216407,-0.56324387,0.5463766,1.0
3703234237,592.8307,592.96454,374.1741,203.55836,0.007860273,-0.047387987,0.9988466,0.0,0.9125373,0.4088121,0.012213826,0.0,-0.4089191,0.9113887,0.046456568,0.0,0.07323997,-0.5649738,0.546514,1.0
3703567436,592.8307,592.96454,374.1741,203.55836,0.0034135282,-0.045809798,0.99894524,0.0,0.9136067,0.4063041,0.015510023,0.0,-0.40658575,0.91259015,0.043238953,0.0,0.07394925,-0.5666167,0.5466755,1.0
3703900634,592.8307,592.96454,374.1741,203.55836,0.00034877658,-0.04441427,0.9990136,0.0,0.9136658,0.4060801,0.017733961,0.0,-0.40646684,0.91275865,0.040721446,0.0,0.074683264,-0.56797695,0.54652447,1.0
3704233833,592.8307,592.96454,374.1741,203.55836,-0.0010872781,-0.043852422,0.99903846,0.0,0.9134147,0.4065954,0.018841177,0.0,-0.40703028,0.9125568,0.039613176,0.0,0.075350136,-0.5690727,0.54606515,1.0
3704567032,592.8307,592.96454,374.1741,203.55836,-0.0019104183,-0.043851294,0.99903744,0.0,0.9133513,0.40670136,0.019597799,0.0,-0.40716895,0.9125093,0.039274737,0.0,0.07586239,-0.57001954,0.54562825,1.0
3704900231,592.8307,592.96454,374.1741,203.55836,-0.0027989447,-0.04394138,0.9990313,0.0,0.91303504,0.40736753,0.020475388,0.0,-0.40787244,0.9122078,0.038979895,0.0,0.07661983,-0.5710076,0.54543775,1.0
3705233429,592.8307,592.96454,374.1741,203.55836,-0.0037749112,-0.043804515,0.99903387,0.0,0.91223514,0.4091093,0.021384835,0.0,-0.40965056,0.9114346,0.03841554,0.0,0.077142864,-0.5717883,0.5452165,1.0
3705566628,592.8307,592.96454,374.1741,203.55836,-0.0050795376,-0.043092657,0.99905866,0.0,0.91155034,0.4105816,0.022343904,0.0,-0.41115785,0.9108062,0.037195463,0.0,0.07755545,-0.57234335,0.5452032,1.0
3705899827,592.8307,592.96454,374.1741,203.55836,-0.0068569183,-0.04198275,0.9990954,0.0,0.91020614,0.41348204,0.02362147,0.0,-0.4140993,0.9095448,0.035377804,0.0,0.07793614,-0.5727123,0.54533017,1.0
3706233025,592.8307,592.96454,374.1741,203.55836,-0.008643508,-0.040584818,0.9991396,0.0,0.90992,0.4140486,0.024689764,0.0,-0.41469422,0.9093507,0.033350192,0.0,0.07791811,-0.5729988,0.54556525,1.0
3706566224,592.8307,592.96454,374.1741,203.55836,-0.010451227,-0.039073773,0.99918246,0.0,0.90991926,0.41398886,0.02570653,0.0,-0.4146544,0.9094439,0.031227153,0.0,0.07772371,-0.57316,0.5458957,1.0
3706899422,592.8307,592.96454,374.1741,203.55836,-0.011923075,-0.038242705,0.99919826,0.0,0.9102646,0.41316757,0.026674956,0.0,-0.41385612,0.90985256,0.029884633,0.0,0.07747118,-0.5732818,0.54627097,1.0
