timestamp,pose 00,pose 01,pose 02,pose 03,pose 10,pose 11,pose 12,pose 13,pose 20,pose 21,pose 22,pose 23,pose 30,pose 31,pose 32,pose 33
3626912968,-0.6193799,-0.7310562,0.2862267,0.0,-0.23219028,-0.17769504,-0.95630145,0.0,0.7499711,-0.6587727,-0.05968356,0.0,-0.047050044,-0.26216322,0.3171827,1.0
3628913008,-0.70928407,-0.6809203,0.18238279,0.0,-0.07327348,-0.1861093,-0.97979295,0.0,0.70110404,-0.7083155,0.082111,0.0,-0.001040712,-0.25298464,0.32527393,1.0
3630913050,-0.72399116,-0.68273824,0.09851271,0.0,-0.00674659,-0.13579631,-0.9907136,0.0,0.6897759,-0.7179328,0.09370941,0.0,-0.0077687353,-0.2697856,0.369148,1.0
3632913088,-0.78176713,-0.62144876,0.051397115,0.0,-0.031175286,-0.04336953,-0.9985726,0.0,0.6227908,-0.7822535,0.014531016,0.0,-0.046731845,-0.3253077,0.43943626,1.0
3634913128,-0.84531844,-0.5337252,0.023967505,0.0,-0.02507031,-0.005184889,-0.99967235,0.0,0.53367454,-0.84564215,-0.008998036,0.0,-0.059601992,-0.3450788,0.49792716,1.0
3636913169,-0.87880564,-0.47715992,0.0043541193,0.0,-0.0076079816,0.004887283,-0.9999591,0.0,0.47711912,-0.8788029,-0.007925153,0.0,-0.056514442,-0.36749822,0.5358416,1.0
3638913209,-0.9144577,-0.40464395,-0.005470261,0.0,-8.881092e-06,0.013537645,-0.9999082,0.0,0.4046809,-0.914374,-0.012382984,0.0,-0.054594696,-0.38180366,0.5580356,1.0
3640913249,-0.9244144,-0.38138247,0.0022023618,0.0,-0.011569321,0.022269666,-0.9996849,0.0,0.3812133,-0.92414886,-0.024998426,0.0,-0.043413892,-0.39221257,0.56732404,1.0
3642913288,-0.9315121,-0.36367512,0.005103886,0.0,-0.016744107,0.028861582,-0.9994433,0.0,0.3633253,-0.9310788,-0.0329746,0.0,-0.03640829,-0.40124947,0.56342196,1.0
3644913328,-0.92846704,-0.3692099,0.0404073,0.0,-0.04399647,0.001303196,-0.99903077,0.0,0.36879942,-0.9293451,-0.01745379,0.0,-0.028018668,-0.40791422,0.55128676,1.0
3646913369,-0.93999743,-0.33797935,0.04663737,0.0,-0.04805255,-0.0041832924,-0.9988361,0.0,0.33778107,-0.9411443,-0.012308717,0.0,-0.02411966,-0.42255977,0.54428476,1.0
3648913408,-0.9553486,-0.29265958,0.040727466,0.0,-0.050010376,0.02430451,-0.9984528,0.0,0.29121697,-0.9559076,-0.03785491,0.0,-0.023957714,-0.4417298,0.53680867,1.0
3650913448,-0.96781945,-0.24731022,0.046508096,0.0,-0.058575653,0.041659713,-0.9974133,0.0,0.244733,-0.96804035,-0.054805398,0.0,-0.017453909,-0.46759537,0.53069615,1.0
3652913486,-0.9789753,-0.19956788,0.042192727,0.0,-0.052844346,0.048349082,-0.9974317,0.0,0.19701533,-0.97869056,-0.057878733,0.0,-0.00828442,-0.49189547,0.5276011,1.0
3654913527,-0.9809885,-0.18992862,0.03985005,0.0,-0.05026657,0.050344706,-0.99746597,0.0,0.18744111,-0.98050606,-0.05893421,0.0,-0.0054884106,-0.4964767,0.52415705,1.0
3656913567,-0.97854877,-0.20277596,0.03638333,0.0,-0.046373777,0.04473561,-0.9979219,0.0,0.20072696,-0.97820264,-0.053179264,0.0,-0.005341679,-0.4927892,0.5241728,1.0
3658913606,-0.97914267,-0.20138536,0.02690199,0.0,-0.03563744,0.039876997,-0.9985689,0.0,0.20002438,-0.97870004,-0.04622221,0.0,-0.0016729981,-0.49997905,0.5282833,1.0
3660913646,-0.98307896,-0.18302393,0.007651262,0.0,-0.0152342245,0.040061355,-0.99908113,0.0,0.18254924,-0.98229194,-0.042171955,0.0,0.0050597787,-0.5064725,0.5362448,1.0
3662913684,-0.9850333,-0.17225888,-0.006042324,0.0,-0.0022677034,0.048003852,-0.9988447,0.0,0.1723499,-0.9838814,-0.047676086,0.0,0.0080987215,-0.5104627,0.5403441,1.0
3664913724,-0.9860412,-0.16595462,-0.013489194,0.0,0.004519187,0.054310262,-0.9985139,0.0,0.1664406,-0.9846367,-0.052802205,0.0,0.0060250014,-0.5077152,0.54295474,1.0
3666913767,-0.98488164,-0.17225382,-0.018378735,0.0,0.0073812082,0.064269006,-0.99790555,0.0,0.1730742,-0.98295397,-0.06202638,0.0,0.008160964,-0.5057241,0.54654443,1.0
3668913805,-0.98339117,-0.18074149,-0.016568966,0.0,0.0056120083,0.060965955,-0.9981241,0.0,0.18141258,-0.9816394,-0.0589391,0.0,0.010386661,-0.5062098,0.5477804,1.0
3670913844,-0.9794364,-0.20175087,-0.0002932474,0.0,-0.00958129,0.047966063,-0.9988029,0.0,0.20152345,-0.9782615,-0.048912406,0.0,0.009959355,-0.5047513,0.54439056,1.0
3672913884,-0.9759848,-0.21780702,0.0036475435,0.0,-0.016249359,0.056094766,-0.99829304,0.0,0.21723068,-0.97437835,-0.058286548,0.0,0.011268035,-0.5005108,0.5403979,1.0
3674913923,-0.9732746,-0.22946236,0.009154029,0.0,-0.021778814,0.05254692,-0.99838096,0.0,0.22860983,-0.97189814,-0.056140065,0.0,0.012268901,-0.49904928,0.5395999,1.0
3676913963,-0.9688934,-0.24712256,0.013291873,0.0,-0.025096752,0.044680774,-0.9986862,0.0,0.24620396,-0.9679537,-0.049493194,0.0,0.01087895,-0.49494705,0.53999394,1.0
3678914003,-0.9625938,-0.27092698,0.0034350902,0.0,-0.017213374,0.048496187,-0.99867505,0.0,0.27040142,-0.96137756,-0.051345825,0.0,0.0103006065,-0.49188095,0.5428304,1.0
3680914040,-0.9547591,-0.29732376,-0.0057864785,0.0,-0.011128172,0.05516559,-0.9984152,0.0,0.2971718,-0.9531817,-0.055978417,0.0,0.0094447285,-0.48130995,0.54378396,1.0
3682914080,-0.9467952,-0.32180554,-0.004481137,0.0,-0.010720655,0.045451343,-0.99890906,0.0,0.3216581,-0.9457143,-0.04648316,0.0,0.010284722,-0.47245687,0.54320455,1.0
3684914120,-0.9444058,-0.32875818,-0.0038983524,0.0,-0.009812221,0.04003501,-0.9991499,0.0,0.32863483,-0.943565,-0.041034818,0.0,0.010761514,-0.46699777,0.54132444,1.0
3686914159,-0.93815446,-0.3461778,0.005233839,0.0,-0.029890686,0.06592548,-0.9973768,0.0,0.34492463,-0.9358498,-0.07219589,0.0,0.015090838,-0.45502985,0.536197,1.0
3688914198,-0.9433894,-0.33168465,-0.0007918179,0.0,-0.027355596,0.08018476,-0.99640435,0.0,0.33055562,-0.93997616,-0.08471835,0.0,0.018400222,-0.4583655,0.5383975,1.0
3690914238,-0.9439752,-0.3297059,-0.014308944,0.0,-0.015914038,0.08878541,-0.99592364,0.0,0.32963234,-0.93989956,-0.08905816,0.0,0.025048465,-0.46331143,0.5430096,1.0
3692914278,-0.94301367,-0.33232215,-0.016938388,0.0,-0.0154363215,0.09453833,-0.9954015,0.0,0.33239532,-0.9384159,-0.0942806,0.0,0.029151276,-0.46965742,0.54108125,1.0
3694914316,-0.9273205,-0.37411454,-0.010711104,0.0,-0.028800309,0.09986311,-0.9945842,0.0,0.37315807,-0.92199004,-0.10337961,0.0,0.033808097,-0.47308463,0.5311508,1.0
3696914357,-0.929513,-0.36878312,-0.002348274,0.0,-0.03750804,0.10086894,-0.9941926,0.0,0.36687824,-0.92402637,-0.10759163,0.0,0.03750436,-0.49310762,0.51913995,1.0
3698914396,-0.93278706,-0.36027363,0.010550469,0.0,-0.05132693,0.10380334,-0.9932726,0.0,0.35675475,-0.9270533,-0.11531818,0.0,0.04535012,-0.5163231,0.506996,1.0
3700914435,-0.9318658,-0.362651,0.010493174,0.0,-0.04682778,0.09154719,-0.994699,0.0,0.35976803,-0.9274175,-0.1022917,0.0,0.05669646,-0.53727484,0.4992857,1.0
3702914475,-0.9232999,-0.3840695,0.0027566254,0.0,-0.032139882,0.070108056,-0.99702144,0.0,0.3827323,-0.92063856,-0.07707453,0.0,0.06871994,-0.54963374,0.49743468,1.0
3704914515,-0.9239695,-0.38234553,-0.009618834,0.0,-0.01693955,0.066034675,-0.9976736,0.0,0.38209116,-0.9216569,-0.067490935,0.0,0.073955774,-0.55756974,0.496392,1.0
3706914554,-0.9214859,-0.38807914,-0.01607421,0.0,-0.00794065,0.060198426,-0.9981548,0.0,0.38833073,-0.9196579,-0.058553576,0.0,0.07512015,-0.5600996,0.4971428,1.0
3708914594,-0.91844094,-0.39398873,-0.03521034,0.0,0.010216847,0.065356135,-0.9978099,0.0,0.39542702,-0.9167888,-0.05600071,0.0,0.08101429,-0.56637853,0.50279367,1.0
3710914634,-0.9190862,-0.39147413,-0.04503241,0.0,0.019192591,0.06967276,-0.99738514,0.0,0.39358807,-0.9175476,-0.056521654,0.0,0.08891721,-0.5739506,0.5061537,1.0
3712914673,-0.92657995,-0.37464842,-0.03298235,0.0,0.0126437545,0.056616783,-0.9983158,0.0,0.37588483,-0.9254366,-0.047722816,0.0,0.097370796,-0.5848305,0.5060702,1.0
3714914713,-0.93463564,-0.3552317,-0.016320288,0.0,-0.00015246868,0.04629469,-0.9989277,0.0,0.35560635,-0.93363106,-0.043322563,0.0,0.10221857,-0.59435385,0.5076397,1.0
3716914751,-0.9326031,-0.36018932,-0.022706196,0.0,0.0033691078,0.05422312,-0.99852324,0.0,0.3608886,-0.9313022,-0.04935527,0.0,0.105501994,-0.5850812,0.51690954,1.0
3718914792,-0.9294616,-0.36796653,-0.026486367,0.0,-0.009491488,0.0956223,-0.9953724,0.0,0.36879644,-0.9249091,-0.092369676,0.0,0.10652402,-0.57631534,0.52227664,1.0
3720914831,-0.9375794,-0.3474299,-0.015412167,0.0,-0.025159538,0.11196327,-0.9933938,0.0,0.3468603,-0.9309977,-0.11371565,0.0,0.10621873,-0.58016354,0.5263628,1.0
3722914871,-0.9395423,-0.34188735,-0.019318432,0.0,-0.024540573,0.1234957,-0.9920416,0.0,0.34155223,-0.93159103,-0.12441957,0.0,0.111782305,-0.58245504,0.5322828,1.0
3724914911,-0.94465137,-0.3272962,-0.022609442,0.0,-0.016710296,0.116826355,-0.99301183,0.0,0.32765037,-0.937672,-0.11582947,0.0,0.11215446,-0.5851471,0.53565437,1.0
3726914950,-0.93896043,-0.34395307,-0.0070176125,0.0,-0.028451577,0.09796667,-0.9947828,0.0,0.34284616,-0.9338622,-0.101772666,0.0,0.10754889,-0.5760082,0.5361308,1.0
3728914990,-0.9346715,-0.35539964,-0.00899376,0.0,-0.026305854,0.09436637,-0.99519,0.0,0.35453886,-0.9299389,-0.09755099,0.0,0.09560309,-0.56158894,0.53605545,1.0
3730915029,-0.9394851,-0.34238896,0.011718005,0.0,-0.039937466,0.075485766,-0.9963467,0.0,0.3402536,-0.93652093,-0.08459175,0.0,0.07623267,-0.5461515,0.5304784,1.0
3732915069,-0.94761753,-0.31766593,0.033302113,0.0,-0.057385728,0.06675869,-0.9961174,0.0,0.3142094,-0.9458496,-0.08149099,0.0,0.055802286,-0.5288484,0.5189395,1.0
3734915108,-0.9411677,-0.33063596,0.06987716,0.0,-0.07846323,0.012675524,-0.9968363,0.0,0.32870424,-0.94367313,-0.037872434,0.0,0.029891357,-0.49443042,0.50243634,1.0
3736915148,-0.92025495,-0.37374103,0.11596751,0.0,-0.11892952,-0.015212297,-0.99278617,0.0,0.37280908,-0.92740834,-0.030449748,0.0,0.004069522,-0.45696586,0.48243397,1.0
3738915189,-0.9083967,-0.39757895,0.12940663,0.0,-0.1387131,-0.0054005384,-0.99031776,0.0,0.39442843,-0.91755193,-0.050243378,0.0,-0.012187794,-0.432857,0.47670144,1.0
3740915228,-0.90248466,-0.41208422,0.12533161,0.0,-0.1367865,-0.0017124414,-0.9905991,0.0,0.40842488,-0.9111442,-0.054822206,0.0,-0.01761955,-0.42201868,0.48159924,1.0
3742915268,-0.8996204,-0.4207989,0.11666824,0.0,-0.13149397,0.006277919,-0.99129707,0.0,0.4164043,-0.9071322,-0.06098032,0.0,-0.013135105,-0.42402166,0.4882432,1.0
3744915307,-0.90424013,-0.4162193,0.0954534,0.0,-0.11639869,0.025174797,-0.9928835,0.0,0.41085422,-0.9089157,-0.07121158,0.0,-0.0019480735,-0.43182218,0.4914285,1.0
3746915346,-0.90837836,-0.40935898,0.0852883,0.0,-0.109806225,0.03671813,-0.99327457,0.0,0.40347427,-0.9116342,-0.07830417,0.0,0.008276597,-0.43893504,0.49114966,1.0
3748915385,-0.9092089,-0.40637785,0.090533525,0.0,-0.120095715,0.047782958,-0.9916118,0.0,0.39864308,-0.9124549,-0.09224892,0.0,0.013860047,-0.44389647,0.48620328,1.0
3750915425,-0.9139266,-0.39276177,0.102354676,0.0,-0.12348467,0.028840661,-0.99192727,0.0,0.38663915,-0.9191879,-0.07485831,0.0,0.012876168,-0.44758058,0.48501483,1.0
3752915464,-0.9074986,-0.40831053,0.0986346,0.0,-0.10810776,0.00012516975,-0.9941392,0.0,0.40590513,-0.9128431,-0.044255137,0.0,0.0055249184,-0.4331193,0.49075806,1.0
3754915504,-0.8978193,-0.42964378,0.096578285,0.0,-0.11172089,0.010092914,-0.99368846,0.0,0.42595726,-0.9029422,-0.05706203,0.0,-0.00064484775,-0.42038217,0.4922785,1.0
3756915544,-0.88326955,-0.46134722,0.08362967,0.0,-0.09874092,0.008663714,-0.9950756,0.0,0.45835078,-0.88717747,-0.053206444,0.0,-0.005667269,-0.39913797,0.4996854,1.0
3758915584,-0.8656844,-0.49360096,0.08336043,0.0,-0.098122716,0.0040230155,-0.99516624,0.0,0.49087965,-0.8696793,-0.05191636,0.0,-0.013261586,-0.3832593,0.5088569,1.0
3760915623,-0.8516753,-0.52049327,0.06111774,0.0,-0.08054198,0.0147615075,-0.99664176,0.0,0.51784325,-0.85373795,-0.054493308,0.0,-0.0072805583,-0.38751704,0.5198233,1.0
3762915664,-0.8641648,-0.5001407,0.055483446,0.0,-0.07883805,0.025666118,-0.99655694,0.0,0.49699467,-0.8655637,-0.061609864,0.0,0.0025283098,-0.40505645,0.5237833,1.0
3764915703,-0.87539554,-0.47945702,0.06166497,0.0,-0.10081011,0.056306243,-0.9933108,0.0,0.47277787,-0.87575686,-0.097623825,0.0,0.0030709803,-0.4132349,0.514014,1.0
3766915742,-0.880442,-0.46781147,0.0772917,0.0,-0.11050396,0.04392594,-0.9929045,0.0,0.46109703,-0.882736,-0.090369105,0.0,0.002924934,-0.41555226,0.5105025,1.0
3768915783,-0.8875371,-0.45528936,0.07063891,0.0,-0.09559567,0.0319919,-0.9949062,0.0,0.45071024,-0.8897687,-0.07191789,0.0,0.002612576,-0.42274606,0.5169371,1.0
3770915820,-0.89549565,-0.440852,0.06112796,0.0,-0.08223252,0.028906882,-0.99619377,0.0,0.43740705,-0.89711416,-0.0621382,0.0,0.0027265549,-0.42812598,0.519596,1.0
3772915861,-0.9083061,-0.4122211,0.07109085,0.0,-0.09259763,0.032407522,-0.9951761,0.0,0.4079287,-0.9105073,-0.06760669,0.0,0.0008111298,-0.433474,0.5169754,1.0
3774915900,-0.9283364,-0.35982534,0.0933692,0.0,-0.11032984,0.02684027,-0.99353266,0.0,0.35499215,-0.93263364,-0.06461644,0.0,-0.0019242465,-0.43760964,0.5121855,1.0
3776915938,-0.9278054,-0.35022968,0.1285122,0.0,-0.13889235,0.0045683384,-0.9902968,0.0,0.3462443,-0.9366525,-0.052882433,0.0,3.899634e-05,-0.43854094,0.5049329,1.0
3778915977,-0.8992419,-0.40546456,0.16420317,0.0,-0.15776816,-0.049501657,-0.9862347,0.0,0.4080115,-0.9127695,-0.019455552,0.0,0.012307644,-0.4381203,0.49493083,1.0
3780916016,-0.8498845,-0.49063912,0.19227353,0.0,-0.17513922,-0.081138134,-0.98119456,0.0,0.49701318,-0.8675769,-0.016971946,0.0,0.023529053,-0.43411344,0.48130175,1.0
3782916055,-0.82141006,-0.5336213,0.20132962,0.0,-0.17687145,-0.09726274,-0.9794164,0.0,0.5422194,-0.840112,-0.014489651,0.0,0.024123088,-0.42876184,0.47179738,1.0
3784916094,-0.7979114,-0.5602502,0.22238845,0.0,-0.1944495,-0.10997689,-0.9747277,0.0,0.57054913,-0.8209899,-0.02118826,0.0,0.017714277,-0.4219765,0.45784894,1.0
3786916133,-0.78693485,-0.56417704,0.24987414,0.0,-0.22426698,-0.115747094,-0.9676293,0.0,0.5748366,-0.8175001,-0.035440445,0.0,0.014402181,-0.42165333,0.44321007,1.0
3788916172,-0.7733977,-0.5759322,0.2648749,0.0,-0.2505619,-0.106084585,-0.96227086,0.0,0.58230174,-0.81058526,-0.062261343,0.0,0.014974877,-0.42352042,0.43321463,1.0
3790916210,-0.7769891,-0.581375,0.24143603,0.0,-0.23947592,-0.08171821,-0.9674573,0.0,0.58218515,-0.8095217,-0.07573128,0.0,0.025203064,-0.43537837,0.4353067,1.0
3792916250,-0.7880075,-0.57786274,0.21241218,0.0,-0.22609212,-0.04929304,-0.97285795,0.0,0.57264876,-0.814644,-0.09180689,0.0,0.041019723,-0.45235538,0.43946737,1.0
3794916289,-0.81892323,-0.54845697,0.16899765,0.0,-0.20648743,0.0068294406,-0.9784255,0.0,0.53547007,-0.836151,-0.11884248,0.0,0.05685702,-0.47492108,0.44679078,1.0
3796916329,-0.83162856,-0.5455293,0.10388264,0.0,-0.169419,0.07108587,-0.9829771,0.0,0.5288582,-0.8350716,-0.15154004,0.0,0.0731554,-0.4885488,0.4612428,1.0
3798916366,-0.8478005,-0.5287925,0.040159687,0.0,-0.11295095,0.10606277,-0.98792344,0.0,0.51814705,-0.84209806,-0.1496476,0.0,0.089288875,-0.50165707,0.48077977,1.0
3800916407,-0.8577945,-0.5138263,-0.013098121,0.0,-0.036638483,0.08654362,-0.9955742,0.0,0.5126857,-0.85351795,-0.09306264,0.0,0.10090044,-0.5102482,0.50407034,1.0
3802916444,-0.8658459,-0.49844223,-0.043197498,0.0,0.03716241,0.022029102,-0.9990664,0.0,0.4989285,-0.866643,-0.0005505085,0.0,0.10501738,-0.51852894,0.52701384,1.0
3804916484,-0.8661001,-0.49498105,-0.06974688,0.0,0.09437472,-0.024898052,-0.99522537,0.0,0.49088112,-0.868547,0.068277836,0.0,0.1055399,-0.521903,0.54661703,1.0
3806916523,-0.8656399,-0.49386305,-0.08225933,0.0,0.108431175,-0.024526834,-0.99380124,0.0,0.48878416,-0.8691937,0.074781716,0.0,0.10428518,-0.52295667,0.5564073,1.0
3808916563,-0.8639232,-0.49542975,-0.09047192,0.0,0.113995776,-0.017389297,-0.9933288,0.0,0.49055153,-0.86847365,0.07150036,0.0,0.1028485,-0.5222809,0.56256115,1.0
3810916601,-0.8610015,-0.5015439,-0.084442705,0.0,0.1045143,-0.011988759,-0.9944512,0.0,0.49774852,-0.8650493,0.062740624,0.0,0.10076167,-0.5201541,0.56163657,1.0
3812916641,-0.8523097,-0.51990587,-0.057152405,0.0,0.07366626,-0.011142373,-0.9972209,0.0,0.5178241,-0.854151,0.04779601,0.0,0.095958754,-0.51284814,0.5511808,1.0
3814916680,-0.8470864,-0.53144765,0.0027767122,0.0,0.0030625165,-0.010105848,-0.9999442,0.0,0.5314461,-0.84703076,0.010188222,0.0,0.08782855,-0.5033062,0.5259324,1.0
3816916719,-0.8440523,-0.5319633,0.067754626,0.0,-0.07916047,-0.0013654232,-0.996861,0.0,0.5303859,-0.84676635,-0.040957928,0.0,0.07774198,-0.49731463,0.49684423,1.0
3818916758,-0.83902454,-0.53088963,0.1191349,0.0,-0.1393672,-0.001957655,-0.99023867,0.0,0.52594084,-0.84743845,-0.07234573,0.0,0.07029991,-0.49432477,0.47357973,1.0
3820916796,-0.8363955,-0.52145016,0.16891496,0.0,-0.17510949,-0.037820578,-0.9838223,0.0,0.51940274,-0.85244316,-0.05967796,0.0,0.06329903,-0.49275497,0.4574059,1.0
3822916835,-0.8269956,-0.52465665,0.2020238,0.0,-0.18942618,-0.07829857,-0.9787681,0.0,0.5293354,-0.8477055,-0.034631133,0.0,0.059241816,-0.4905549,0.45058158,1.0
3824916875,-0.8312242,-0.5140882,0.21161099,0.0,-0.18956977,-0.095721245,-0.97719014,0.0,0.52261764,-0.8523793,-0.017889619,0.0,0.056693673,-0.49207908,0.44879112,1.0
3826916914,-0.8344846,-0.50750077,0.21465997,0.0,-0.19328971,-0.09521294,-0.976511,0.0,0.5160184,-0.85637474,-0.018641114,0.0,0.053720668,-0.49287492,0.44845212,1.0
3828916953,-0.8345287,-0.5094346,0.20985326,0.0,-0.19228616,-0.08763838,-0.9774178,0.0,0.51632154,-0.856035,-0.024820447,0.0,0.05144401,-0.4920192,0.4507849,1.0
3830916992,-0.8407402,-0.5003041,0.20700477,0.0,-0.18488128,-0.09407222,-0.9782478,0.0,0.5088949,-0.8607239,-0.0134061575,0.0,0.05342126,-0.495664,0.45640382,1.0
3832917031,-0.84568465,-0.49236304,0.20590393,0.0,-0.17636853,-0.10630131,-0.97856754,0.0,0.5036982,-0.8638744,0.0030598044,0.0,0.056094974,-0.4980501,0.46285844,1.0
3834917070,-0.8651724,-0.458327,0.20350379,0.0,-0.19620061,-0.06409085,-0.97846717,0.0,0.46150053,-0.88647,-0.03447473,0.0,0.052400395,-0.5026618,0.46029308,1.0
3836917110,-0.91439533,-0.3596922,0.18574955,0.0,-0.19556168,-0.009269595,-0.98064756,0.0,0.3544531,-0.933025,-0.061865926,0.0,0.044270128,-0.510532,0.45998996,1.0
3838917150,-0.93768525,-0.2766799,0.21022356,0.0,-0.21934089,0.0020566583,-0.9756459,0.0,0.26950935,-0.9609597,-0.062615395,0.0,0.03117545,-0.515867,0.46399298,1.0
3840917188,-0.9457351,-0.21358854,0.2448771,0.0,-0.25684303,0.029755652,-0.9659949,0.0,0.19903898,-0.9764704,-0.08299959,0.0,0.010642365,-0.5122167,0.46612513,1.0
3842917228,-0.94241095,-0.18216181,0.2804975,0.0,-0.29228458,0.040891886,-0.95545673,0.0,0.16257766,-0.98241794,-0.09178007,0.0,-0.009222686,-0.50226635,0.4695152,1.0
3844917266,-0.9400437,-0.17673296,0.29168996,0.0,-0.30309924,0.040813208,-0.95208454,0.0,0.15635994,-0.98341227,-0.09193373,0.0,-0.021184102,-0.4932654,0.47844517,1.0
3846917307,-0.93657935,-0.1875636,0.29603916,0.0,-0.3098083,0.04824418,-0.9495743,0.0,0.16382338,-0.981067,-0.1032933,0.0,-0.027583823,-0.48767796,0.48285913,1.0
3848917345,-0.9348831,-0.20323914,0.2910112,0.0,-0.3086034,0.060312748,-0.9492767,0.0,0.1753785,-0.97726977,-0.1191057,0.0,-0.03013052,-0.4825905,0.48561195,1.0
3850917385,-0.9246681,-0.257022,0.2809424,0.0,-0.3098645,0.079111755,-0.9474837,0.0,0.2212983,-0.963162,-0.152794,0.0,-0.026735827,-0.47021365,0.48730183,1.0
3852917423,-0.88310385,-0.37693658,0.279368,0.0,-0.3388017,0.10042268,-0.9354832,0.0,0.32456294,-0.9207791,-0.21639049,0.0,-0.02032946,-0.44622466,0.48270324,1.0
3854917464,-0.818939,-0.5073294,0.26824635,0.0,-0.34789968,0.06714553,-0.93512434,0.0,0.45640445,-0.85913247,-0.23148799,0.0,-0.013804838,-0.42264605,0.4805667,1.0
3856917502,-0.7759812,-0.57668185,0.25552142,0.0,-0.3303995,0.026544213,-0.94346786,0.0,0.53729814,-0.8165375,-0.21113324,0.0,-0.011273265,-0.40686765,0.48392043,1.0
3858917542,-0.7689781,-0.5943842,0.23532963,0.0,-0.30016837,0.010699034,-0.9538262,0.0,0.5644214,-0.80411005,-0.18664265,0.0,-0.00788936,-0.40251055,0.49028152,1.0
3860917581,-0.77389693,-0.5949999,0.21692827,0.0,-0.26209128,-0.010924101,-0.9649811,0.0,0.57653356,-0.80365133,-0.14748979,0.0,-0.0032884926,-0.4013867,0.4983794,1.0
3862917620,-0.79129577,-0.57992125,0.19375831,0.0,-0.2239286,-0.020010233,-0.97440004,0.0,0.56895244,-0.81442666,-0.114026904,0.0,0.0041685253,-0.40829784,0.5052039,1.0
3864917660,-0.8237002,-0.5371301,0.1816848,0.0,-0.20513035,-0.016439795,-0.9785966,0.0,0.52862054,-0.84333926,-0.09664035,0.0,0.009766236,-0.42868567,0.5049026,1.0
3866917699,-0.8331654,-0.52365637,0.17781977,0.0,-0.1951659,-0.022437096,-0.9805137,0.0,0.5174419,-0.85163414,-0.08350623,0.0,0.019183874,-0.45312077,0.5030894,1.0
3868917738,-0.8476944,-0.4974767,0.18420562,0.0,-0.19457787,-0.03145778,-0.9803827,0.0,0.49351212,-0.866907,-0.07013166,0.0,0.027709767,-0.4804169,0.49966788,1.0
3870917777,-0.85970044,-0.47446728,0.18919681,0.0,-0.19351663,-0.04025078,-0.98027086,0.0,0.47272182,-0.87935233,-0.057213545,0.0,0.03562525,-0.49862805,0.4895963,1.0
3872917817,-0.8396876,-0.49850678,0.21544413,0.0,-0.22579204,-0.04033208,-0.9733404,0.0,0.49390602,-0.86594725,-0.078692794,0.0,0.04495816,-0.5104287,0.47283405,1.0
3874917856,-0.83248234,-0.5002614,0.23814109,0.0,-0.24733019,-0.049070597,-0.9676878,0.0,0.49578264,-0.8644827,-0.08287907,0.0,0.04763952,-0.5211014,0.45914176,1.0
3876917896,-0.8378022,-0.4822112,0.256047,0.0,-0.2607893,-0.058566928,-0.9636177,0.0,0.47966307,-0.8740952,-0.07668817,0.0,0.04170452,-0.5220618,0.44772848,1.0
3878917934,-0.84348893,-0.4845245,0.23186755,0.0,-0.22869116,-0.06665242,-0.97121465,0.0,0.48603177,-0.8722348,-0.054585934,0.0,0.043232292,-0.52614045,0.44894528,1.0
3880917974,-0.8427415,-0.4943666,0.21304785,0.0,-0.20036943,-0.07926047,-0.9765093,0.0,0.49963963,-0.8656327,-0.0322603,0.0,0.042541787,-0.5277616,0.45504934,1.0
3882918013,-0.8436121,-0.500285,0.19502136,0.0,-0.1828579,-0.0738194,-0.98036397,0.0,0.5048579,-0.8627082,-0.029206038,0.0,0.04157774,-0.53072864,0.4612383,1.0
3884918052,-0.84694576,-0.49922755,0.1829056,0.0,-0.16959998,-0.07236612,-0.98285246,0.0,0.5039032,-0.8634436,-0.02337861,0.0,0.034870595,-0.52521986,0.47019714,1.0
3886918092,-0.8398049,-0.5158605,0.16916223,0.0,-0.15914136,-0.063985586,-0.9851802,0.0,0.51903945,-0.8542798,-0.028359413,0.0,0.02674207,-0.514165,0.48302442,1.0
3888918131,-0.8331665,-0.5341742,0.14314781,0.0,-0.14406952,-0.04025507,-0.98874843,0.0,0.5339263,-0.8444154,-0.043418884,0.0,0.018807322,-0.5019345,0.49891555,1.0
3890918169,-0.8269303,-0.5509274,0.1125433,0.0,-0.13686284,0.0030714273,-0.9905855,0.0,0.54539484,-0.8345478,-0.077941656,0.0,0.010937259,-0.48659182,0.513962,1.0
3892918209,-0.8157209,-0.57207763,0.085597515,0.0,-0.12600145,0.031305075,-0.9915361,0.0,0.56455594,-0.81960195,-0.09761894,0.0,0.009368315,-0.47533405,0.5267532,1.0
3894918247,-0.8294033,-0.55330473,0.07709549,0.0,-0.1261579,0.05107087,-0.9906945,0.0,0.5442187,-0.8314117,-0.112161875,0.0,0.0134148,-0.47775906,0.531891,1.0
3896918286,-0.8369665,-0.540014,0.088724256,0.0,-0.14013699,0.054768443,-0.9886162,0.0,0.5290073,-0.83987224,-0.121515274,0.0,0.013360366,-0.46185952,0.5331546,1.0
3898918325,-0.83744526,-0.5389725,0.09051764,0.0,-0.14744934,0.063336074,-0.98703945,0.0,0.5262542,-0.83993864,-0.13251138,0.0,0.0097414255,-0.44001776,0.5412802,1.0
3900918363,-0.8304877,-0.54995626,0.08853471,0.0,-0.15537615,0.076075554,-0.9849217,0.0,0.5349285,-0.83172154,-0.1486299,0.0,0.008116931,-0.42913896,0.54802203,1.0
3902918402,-0.83512735,-0.5444799,0.07812834,0.0,-0.14796835,0.085574985,-0.9852829,0.0,0.52978086,-0.8343972,-0.1520319,0.0,0.0108991265,-0.43057084,0.5526284,1.0
3904918441,-0.8423047,-0.5337592,0.07498874,0.0,-0.15019913,0.09882128,-0.9837044,0.0,0.51765084,-0.8398424,-0.16340756,0.0,0.012792528,-0.42861387,0.5542736,1.0
3906918481,-0.86649895,-0.49322742,0.076850355,0.0,-0.14753284,0.10596573,-0.9833642,0.0,0.4768787,-0.86342216,-0.16458619,0.0,0.016751722,-0.43877766,0.557515,1.0
3908918518,-0.8879347,-0.45422494,0.072470486,0.0,-0.14119898,0.11922103,-0.98277634,0.0,0.4377615,-0.88287383,-0.16999674,0.0,0.023636892,-0.44899,0.5621383,1.0
3910918558,-0.92287314,-0.37446964,0.08987668,0.0,-0.14147455,0.11260682,-0.9835165,0.0,0.35817632,-0.9203761,-0.15689981,0.0,0.024478912,-0.4724788,0.558436,1.0
3912918596,-0.9467225,-0.29769656,0.12285435,0.0,-0.15787446,0.09650916,-0.9827317,0.0,0.28069928,-0.94976985,-0.1383661,0.0,0.017558277,-0.49348432,0.54591,1.0
3914918635,-0.9536042,-0.26181754,0.14862841,0.0,-0.17355159,0.07466209,-0.9819906,0.0,0.24600545,-0.9622251,-0.11663687,0.0,0.01635626,-0.50723284,0.5365151,1.0
3916918674,-0.9563153,-0.24896538,0.15322547,0.0,-0.17180675,0.05456984,-0.9836182,0.0,0.23652534,-0.96697396,-0.09496021,0.0,0.018456653,-0.5136232,0.52931875,1.0
3918918711,-0.9570794,-0.24319434,0.1576568,0.0,-0.17293796,0.042681277,-0.98400766,0.0,0.23257606,-0.9690382,-0.08290708,0.0,0.018118769,-0.51716805,0.524837,1.0
3920918751,-0.9679613,-0.20379417,0.14669095,0.0,-0.14961116,-0.0010890961,-0.9887442,0.0,0.20166011,-0.979013,-0.029435277,0.0,0.013784885,-0.5212701,0.5275061,1.0
3922918790,-0.9704859,-0.18485585,0.15487322,0.0,-0.15686592,-0.0038872957,-0.98761237,0.0,0.1831679,-0.98275805,-0.025225282,0.0,0.016212806,-0.5307739,0.52376455,1.0
3924918829,-0.973578,-0.16167247,0.1612686,0.0,-0.16487196,0.009035468,-0.98627347,0.0,0.15799616,-0.986803,-0.03545177,0.0,0.012917832,-0.5376503,0.5219191,1.0
3926918868,-0.96977425,-0.18136601,0.16322996,0.0,-0.17047293,0.024984598,-0.9850455,0.0,0.17457555,-0.9830982,-0.05514741,0.0,0.01373677,-0.53309333,0.51977193,1.0
3928918907,-0.97095513,-0.17988653,0.15775646,0.0,-0.16475041,0.024529934,-0.9860302,0.0,0.1735038,-0.9833815,-0.053453922,0.0,0.014094591,-0.5359347,0.51914376,1.0
3930918945,-0.9712603,-0.17108671,0.16547807,0.0,-0.16931014,0.007951915,-0.98553073,0.0,0.16729535,-0.9852239,-0.036690116,0.0,0.013699129,-0.5400683,0.51831543,1.0
3932918985,-0.9742558,-0.1645833,0.15407188,0.0,-0.15375787,-0.014724255,-0.9879989,0.0,0.16487671,-0.9862533,-0.010960937,0.0,0.018020421,-0.54331267,0.5232184,1.0
3934919025,-0.97477293,-0.15743154,0.15821926,0.0,-0.15699172,-0.020282626,-0.9873917,0.0,0.15865569,-0.98732173,-0.004944563,0.0,0.019590542,-0.54534435,0.5219891,1.0
3936919064,-0.9743931,-0.15816806,0.15981354,0.0,-0.15753831,-0.02690196,-0.9871462,0.0,0.16043435,-0.98704547,0.0012958646,0.0,0.021002859,-0.5449461,0.52167934,1.0
3938919102,-0.9746311,-0.15849511,0.15803237,0.0,-0.15493761,-0.031775713,-0.9874132,0.0,0.16152172,-0.9868484,0.006412506,0.0,0.022665977,-0.54605305,0.5225846,1.0
3940919141,-0.97398794,-0.1599443,0.16051829,0.0,-0.15799633,-0.028446794,-0.98703,0.0,0.16243601,-0.9867163,0.002435863,0.0,0.022894636,-0.5441492,0.52285635,1.0
3942919179,-0.96668303,-0.19472794,0.16614734,0.0,-0.16558759,-0.019266367,-0.98600686,0.0,0.19520415,-0.98066807,-0.013620138,0.0,0.027488396,-0.53342676,0.52115625,1.0
3944919218,-0.95420146,-0.23937663,0.17943801,0.0,-0.18565163,0.0034742355,-0.98260933,0.0,0.23459037,-0.9709204,-0.04775548,0.0,0.034106076,-0.5271595,0.5135642,1.0
3946919256,-0.9212966,-0.33473897,0.19789559,0.0,-0.20634794,-0.010509253,-0.9784223,0.0,0.32959574,-0.9422524,-0.059390783,0.0,0.044235244,-0.5176484,0.50666714,1.0
3948919296,-0.8578069,-0.4673605,0.2138713,0.0,-0.23783208,-0.007945538,-0.97127366,0.0,0.45563436,-0.88403094,-0.104337335,0.0,0.045853853,-0.4828318,0.49532312,1.0
3950919334,-0.7210624,-0.6630961,0.2009301,0.0,-0.24816637,-0.023591518,-0.9684303,0.0,0.64690244,-0.7481626,-0.14754736,0.0,0.0374984,-0.42610574,0.48406136,1.0
3952919373,-0.6516088,-0.73132205,0.20143038,0.0,-0.26237988,-0.03185773,-0.96443874,0.0,0.7117324,-0.68128794,-0.17112541,0.0,0.013053045,-0.38521272,0.46805862,1.0
3954919411,-0.6031033,-0.7687612,0.21277294,0.0,-0.28183013,-0.04417336,-0.95844686,0.0,0.7462157,-0.63800836,-0.19001889,0.0,-0.0016308278,-0.36112392,0.4405523,1.0
3956919450,-0.5703814,-0.78059024,0.25562593,0.0,-0.3130738,-0.08111429,-0.9462588,0.0,0.7593751,-0.6197579,-0.19811666,0.0,-0.021484897,-0.35627127,0.4078306,1.0
3958919489,-0.55862963,-0.78425735,0.26995134,0.0,-0.3048355,-0.10855794,-0.94619805,0.0,0.771368,-0.6108648,-0.17842603,0.0,-0.030344307,-0.37184772,0.38742745,1.0
3960919527,-0.5443419,-0.79620755,0.26409462,0.0,-0.28302455,-0.1220479,-0.9513159,0.0,0.7896769,-0.59258604,-0.15891075,0.0,-0.026973337,-0.3874005,0.37986973,1.0
3962919567,-0.5575026,-0.78985894,0.2555666,0.0,-0.27309212,-0.11622548,-0.9549413,0.0,0.783972,-0.6021751,-0.15090859,0.0,-0.013388887,-0.403467,0.3679025,1.0
3964919605,-0.55523646,-0.78243077,0.28198272,0.0,-0.29456267,-0.1320678,-0.94646215,0.0,0.77778214,-0.608572,-0.15714586,0.0,-0.0037884712,-0.41038394,0.34883472,1.0
3966919644,-0.5530727,-0.7819567,0.28749675,0.0,-0.30759266,-0.12904775,-0.94272655,0.0,0.77427214,-0.6098282,-0.1691513,0.0,-6.431341e-05,-0.40666476,0.33940953,1.0
3968919682,-0.5560527,-0.7828166,0.2792908,0.0,-0.30814487,-0.11791599,-0.94400334,0.0,0.7719145,-0.61097777,-0.17565322,0.0,0.016508222,-0.41815636,0.3436998,1.0
3970919722,-0.56715393,-0.78791916,0.23983303,0.0,-0.24754933,-0.11465263,-0.9620676,0.0,0.785529,-0.60501087,-0.13002324,0.0,0.045174375,-0.43329656,0.37123612,1.0
3972919761,-0.5982263,-0.77572167,0.20095012,0.0,-0.19187817,-0.10480785,-0.97580624,0.0,0.7780154,-0.622311,-0.08614516,0.0,0.07417877,-0.4567417,0.4059343,1.0
3974919800,-0.53378487,-0.8304812,0.15929398,0.0,-0.20868334,-0.053179145,-0.9765364,0.0,0.81946623,-0.55450237,-0.1449213,0.0,0.07856073,-0.3966408,0.4297318,1.0
3976919839,-0.5408869,-0.82957757,0.13871732,0.0,-0.26058206,0.008468926,-0.96541464,0.0,0.79971147,-0.5583273,-0.22075391,0.0,0.0725707,-0.22317266,0.4286758,1.0
3978919878,-0.46847105,-0.8440727,0.26091427,0.0,-0.45317814,-0.023931146,-0.89109874,0.0,0.7583961,-0.5356945,-0.37130427,0.0,0.043151334,-0.010687832,0.37673363,1.0
3980919917,-0.35523093,-0.86118966,0.36354333,0.0,-0.73499435,0.017024279,-0.67785966,0.0,0.5775766,-0.5079988,-0.6390172,0.0,-0.024394095,0.22540495,0.27781427,1.0
3982919955,-0.22597456,-0.85505,0.4667171,0.0,-0.90189224,0.002578497,-0.4319533,0.0,0.36813834,-0.518539,-0.7717457,0.0,-0.1313538,0.39827242,0.21260096,1.0
3984919995,-0.14610589,-0.80293816,0.57787865,0.0,-0.95513517,-0.037628293,-0.29377067,0.0,0.25762415,-0.5948737,-0.7614168,0.0,-0.1966307,0.43933338,0.17502952,1.0
3986920032,-0.09153187,-0.7596975,0.6438025,0.0,-0.98308116,-0.034071803,-0.17997374,0.0,0.15866108,-0.6493835,-0.74372566,0.0,-0.18336232,0.43248773,0.12851802,1.0
3988920071,0.046793163,-0.7241441,0.6880592,0.0,-0.9987097,-0.04752016,0.017907143,0.0,0.019729316,-0.6880094,-0.72543335,0.0,-0.11304486,0.3996469,0.0364981,1.0
3990920110,0.095706046,-0.6679612,0.7380164,0.0,-0.98807985,0.026059806,0.1517205,0.0,-0.120575964,-0.7437397,-0.6575049,0.0,-0.023868233,0.3563625,-0.09912309,1.0
3992920150,0.11434227,-0.62273717,0.774031,0.0,-0.9711778,0.09395605,0.21905622,0.0,-0.20913923,-0.77676916,-0.5940453,0.0,0.025822043,0.28405625,-0.20779672,1.0
3994920189,0.1376971,-0.5848361,0.7993786,0.0,-0.95070755,0.1483509,0.27229962,0.0,-0.27783912,-0.7974701,-0.53558064,0.0,0.03698611,0.21726803,-0.28720474,1.0
3996920227,0.15176994,-0.5557724,0.8173634,0.0,-0.9397491,0.17514914,0.29358882,0.0,-0.30632904,-0.81267446,-0.4957043,0.0,0.036726538,0.17710133,-0.33563092,1.0
3998920266,0.16972494,-0.5362004,0.82685107,0.0,-0.9308795,0.18819737,0.31312174,0.0,-0.32350725,-0.82284325,-0.4671961,0.0,0.027510349,0.15825202,-0.35526565,1.0
4000920305,0.20282018,-0.5390828,0.8174678,0.0,-0.92464775,0.16935521,0.34109437,0.0,-0.32232055,-0.8250506,-0.464113,0.0,0.008924551,0.15157703,-0.3560831,1.0
4002920343,0.22467369,-0.55832386,0.7986214,0.0,-0.9240484,0.1380558,0.3564758,0.0,-0.30928326,-0.8180556,-0.4849007,0.0,-0.015655927,0.13846566,-0.35209423,1.0
