timestamp,pose 00,pose 01,pose 02,pose 03,pose 10,pose 11,pose 12,pose 13,pose 20,pose 21,pose 22,pose 23,pose 30,pose 31,pose 32,pose 33
3626066792,-0.5730891,-0.7689545,0.28333318,0.0,-0.27368072,-0.14630377,-0.95062816,0.0,0.7724426,-0.6223376,-0.12660277,0.0,-0.056063578,-0.25599086,0.33244187,1.0
3626481880,-0.591625,-0.75113475,0.29287684,0.0,-0.2594458,-0.1665678,-0.95128506,0.0,0.763327,-0.6387895,-0.096333265,0.0,-0.05376242,-0.26068234,0.3233198,1.0
3626823042,-0.6125159,-0.7358475,0.28870916,0.0,-0.23901542,-0.17573118,-0.95498186,0.0,0.7534561,-0.6539474,-0.06824088,0.0,-0.048845842,-0.26199907,0.31798857,1.0
3627186532,-0.6404506,-0.7163546,0.2768728,0.0,-0.21049619,-0.18297303,-0.9603186,0.0,0.7385891,-0.6733176,-0.033604383,0.0,-0.041134298,-0.26129502,0.31483105,1.0
3627539680,-0.6599109,-0.70604914,0.25692785,0.0,-0.17895406,-0.18441522,-0.9664192,0.0,0.729721,-0.68372905,-0.0046525,0.0,-0.03152536,-0.25855476,0.31356665,1.0
3628253295,-0.6872735,-0.6934724,0.21622095,0.0,-0.12075403,-0.18444872,-0.97539604,0.0,0.7162918,-0.69647324,0.043026924,0.0,-0.012754694,-0.25274482,0.31613088,1.0
3628585817,-0.6940577,-0.6913992,0.20062625,0.0,-0.0968059,-0.18651676,-0.97767067,0.0,0.713381,-0.6979817,0.062521935,0.0,-0.005371481,-0.25175926,0.31981856,1.0
3628938308,-0.71100044,-0.6795827,0.18068135,0.0,-0.07123521,-0.18601489,-0.9799613,0.0,0.6995742,-0.7096238,0.08384633,0.0,-0.0008766502,-0.25314912,0.32580104,1.0
3629284665,-0.73552895,-0.65935886,0.15570268,0.0,-0.0427998,-0.18414032,-0.98196775,0.0,0.6761402,-0.7289296,0.10722005,0.0,9.3743205e-05,-0.25556117,0.33340597,1.0
3629641031,-0.7465763,-0.6517767,0.1334584,0.0,-0.021829993,-0.17649198,-0.98406005,0.0,0.66494167,-0.73758924,0.11753631,0.0,-0.0006015003,-0.2564218,0.34023836,1.0
3630000186,-0.7433374,-0.65856403,0.11723086,0.0,-0.009327531,-0.16503286,-0.98624396,0.0,0.66885173,-0.73420537,0.116532326,0.0,-0.0021137595,-0.25666785,0.3466526,1.0
3630408873,-0.73373747,-0.67093694,0.107109606,0.0,-0.0032431781,-0.15418518,-0.98803645,0.0,0.67942494,-0.72530705,0.110955715,0.0,-0.0043349117,-0.2597447,0.35539803,1.0
3630758108,-0.7261808,-0.67994124,0.10169196,0.0,-0.0052587986,-0.14241683,-0.98979276,0.0,0.6874836,-0.7193033,0.09984481,0.0,-0.0066420734,-0.26604447,0.36453694,1.0
3631106624,-0.7242446,-0.68316853,0.09354466,0.0,-0.008424759,-0.1268847,-0.9918817,0.0,0.68949175,-0.71915305,0.08614004,0.0,-0.009851128,-0.2754593,0.37548676,1.0
3631434131,-0.7361032,-0.6720334,0.08076319,0.0,-0.009643167,-0.10889435,-0.99400645,0.0,0.6768004,-0.73247033,0.07367718,0.0,-0.014921859,-0.28600204,0.38697284,1.0
3631771848,-0.75198305,-0.65570307,0.06763971,0.0,-0.011540085,-0.089500666,-0.99591994,0.0,0.6590815,-0.7496954,0.059736013,0.0,-0.02172938,-0.29656655,0.39912707,1.0
3632106136,-0.7613344,-0.64560395,0.059710085,0.0,-0.015982866,-0.07337797,-0.997176,0.0,0.64816225,-0.7601388,0.04554671,0.0,-0.02899155,-0.30560094,0.41115236,1.0
3632565870,-0.7749071,-0.62974274,0.054247558,0.0,-0.023600131,-0.05693829,-0.99809873,0.0,0.63163424,-0.7747141,0.02925992,0.0,-0.039744943,-0.31751898,0.42774025,1.0
3632912792,-0.7817608,-0.6214564,0.051399708,0.0,-0.031168997,-0.043381333,-0.9985723,0.0,0.62279886,-0.78224677,0.014543653,0.0,-0.046726257,-0.32530132,0.43942648,1.0
3633277361,-0.79462457,-0.6052803,0.04698369,0.0,-0.035669416,-0.030709386,-0.9988917,0.0,0.6060523,-0.7954198,0.0028124452,0.0,-0.05308342,-0.33251032,0.4515113,1.0
3633638986,-0.8107612,-0.5837826,0.043171644,0.0,-0.03509724,-0.025139213,-0.99906754,0.0,0.58432364,-0.8115206,-0.00010704994,0.0,-0.057534277,-0.33833387,0.4637403,1.0
3633991684,-0.82681084,-0.56114256,0.038773447,0.0,-0.033608228,-0.019525409,-0.99924445,0.0,0.5614755,-0.827489,-0.0027153492,0.0,-0.060100943,-0.34185058,0.47459581,1.0
3634353997,-0.8335031,-0.5516416,0.031053632,0.0,-0.02865696,-0.012966156,-0.9995053,0.0,0.5517713,-0.83398056,-0.0050011873,0.0,-0.06029001,-0.3434378,0.48470205,1.0
3634724510,-0.84190655,-0.5389923,0.026090384,0.0,-0.026044935,-0.0077058077,-0.99963105,0.0,0.53899455,-0.8422754,-0.007550478,0.0,-0.06009282,-0.3445909,0.49375838,1.0
3635071534,-0.84575474,-0.5330955,0.022567958,0.0,-0.024422169,-0.0035755634,-0.99969566,0.0,0.5330137,-0.8460479,-0.009995937,0.0,-0.058974296,-0.34582758,0.5013713,1.0
3635399396,-0.84676456,-0.5315521,0.021038175,0.0,-0.024116188,-0.0011501312,-0.9997086,0.0,0.5314213,-0.847025,-0.01184535,0.0,-0.05741684,-0.3478642,0.5081368,1.0
3636504789,-0.8723755,-0.48879546,0.006350592,0.0,-0.009277225,0.0035657883,-0.99995065,0.0,0.48874867,-0.8723912,-0.007645488,0.0,-0.05622524,-0.3623923,0.5294137,1.0
3637247064,-0.8875685,-0.4606736,0.0015389621,0.0,-0.0055068135,0.0072692633,-0.99995846,0.0,0.46064326,-0.8875399,-0.0089889765,0.0,-0.057515696,-0.37155685,0.5407393,1.0
3637577701,-0.8950901,-0.44588,-0.0021420866,0.0,-0.0026478916,0.010119498,-0.9999452,0.0,0.4458773,-0.89503545,-0.010238409,0.0,-0.058090612,-0.37529138,0.5452142,1.0
3638275387,-0.9108784,-0.41259244,-0.008290261,0.0,0.0020595193,0.015543699,-0.9998773,0.0,0.41267058,-0.91078335,-0.013309002,0.0,-0.058432207,-0.3809294,0.5529506,1.0
3638607632,-0.91303575,-0.40779737,-0.008150414,0.0,0.0020832121,0.015320003,-0.9998803,0.0,0.4078735,-0.9129437,-0.013137937,0.0,-0.056736976,-0.38142473,0.5557732,1.0
3639327574,-0.91658235,-0.39983642,-0.0027204454,0.0,-0.0026387125,0.012852371,-0.9999138,0.0,0.399837,-0.9164963,-0.012835145,0.0,-0.05139768,-0.38276324,0.5605868,1.0
3639657124,-0.91895294,-0.39436525,-0.00127621,0.0,-0.004303828,0.013264596,-0.9999027,0.0,0.39434385,-0.91885805,-0.013886929,0.0,-0.049370065,-0.38416,0.5624347,1.0
3640375503,-0.92335534,-0.38394472,0.0012379289,0.0,-0.008279741,0.016688347,-0.9998265,0.0,0.38385743,-0.9232053,-0.018588305,0.0,-0.04594186,-0.38850263,0.5659311,1.0
3640736463,-0.9238081,-0.38285118,0.0018893778,0.0,-0.010507971,0.020421684,-0.9997362,0.0,0.38271162,-0.9235842,-0.02288866,0.0,-0.044231117,-0.3909436,0.5669465,1.0
3641080271,-0.92475605,-0.38055372,0.00214234,0.0,-0.012198776,0.024016023,-0.999637,0.0,0.38036418,-0.9244468,-0.026851058,0.0,-0.04266441,-0.39351213,0.5675263,1.0
3641448127,-0.92478645,-0.38047898,0.0025213808,0.0,-0.014101103,0.027650118,-0.99951833,0.0,0.38022596,-0.9243763,-0.030935884,0.0,-0.040995777,-0.39629096,0.5675516,1.0
3641792617,-0.9269885,-0.37506995,0.0037553608,0.0,-0.016462833,0.030681849,-0.99939346,0.0,0.3747273,-0.9264884,-0.034616113,0.0,-0.040196,-0.39867985,0.5670013,1.0
3642151546,-0.930825,-0.36542732,0.0052575767,0.0,-0.018225834,0.03204757,-0.9993201,0.0,0.3650104,-0.930288,-0.036490917,0.0,-0.0397041,-0.40053564,0.56617206,1.0
3642516035,-0.93244743,-0.3612581,0.0058175772,0.0,-0.018631563,0.03199762,-0.9993142,0.0,0.36082417,-0.9319166,-0.036566734,0.0,-0.03848751,-0.4012413,0.56507653,1.0
3642865535,-0.93154407,-0.3635962,0.0048927963,0.0,-0.01677449,0.029527724,-0.99942327,0.0,0.36324203,-0.9310887,-0.033605695,0.0,-0.036629125,-0.4012494,0.5636635,1.0
3643220860,-0.9317939,-0.36287507,0.00904648,0.0,-0.018784285,0.023315549,-0.99955165,0.0,0.36250144,-0.9315461,-0.028541684,0.0,-0.035136387,-0.40130344,0.56168556,1.0
3643563248,-0.93064594,-0.36555633,0.016321376,0.0,-0.023853421,0.016097426,-0.9995858,0.0,0.36514223,-0.93064994,-0.023700595,0.0,-0.03338714,-0.40148064,0.55944496,1.0
3643931702,-0.9281684,-0.37136093,0.02437812,0.0,-0.029881895,0.009072602,-0.99951226,0.0,0.37095863,-0.9284442,-0.01951778,0.0,-0.031343967,-0.40228885,0.55695397,1.0
3644249449,-0.927001,-0.3737628,0.031158179,0.0,-0.035487607,0.004705608,-0.99935913,0.0,0.3733766,-0.9275125,-0.017626286,0.0,-0.029920623,-0.40367028,0.5548394,1.0
3644599251,-0.9271668,-0.372795,0.03722152,0.0,-0.040834785,0.0017979145,-0.9991643,0.0,0.37241653,-0.92791194,-0.01688993,0.0,-0.028797582,-0.40575802,0.5528202,1.0
3644938435,-0.9285641,-0.36895517,0.040511876,0.0,-0.044121563,0.0013477802,-0.99902534,0.0,0.3685409,-0.92944634,-0.01753056,0.0,-0.027952135,-0.4080903,0.5511686,1.0
3645281102,-0.92955303,-0.3663775,0.04121612,0.0,-0.044989675,0.0017630458,-0.99898595,0.0,0.3659333,-0.9304647,-0.018122077,0.0,-0.026879743,-0.41038957,0.5497412,1.0
3645642141,-0.93097425,-0.36268336,0.041814595,0.0,-0.045256466,0.0009947419,-0.9989751,0.0,0.36226997,-0.9319121,-0.017340302,0.0,-0.02600412,-0.4125138,0.54831094,1.0
3645991862,-0.9337814,-0.35551494,0.040756434,0.0,-0.043456808,-0.000390172,-0.99905515,0.0,0.35519496,-0.93467045,-0.015085101,0.0,-0.025315896,-0.41501892,0.54740286,1.0
3646357644,-0.9358803,-0.34989208,0.041280463,0.0,-0.04292129,-0.0030670166,-0.99907386,0.0,0.3496946,-0.9367851,-0.012147784,0.0,-0.024495572,-0.41791922,0.5464057,1.0
3646705989,-0.9383614,-0.34283772,0.04404451,0.0,-0.04519996,-0.004623413,-0.99896723,0.0,0.3426873,-0.9393832,-0.011157632,0.0,-0.02413939,-0.42088056,0.54516447,1.0
3647180031,-0.9418514,-0.3324641,0.04882081,0.0,-0.05133705,-0.00121665,-0.9986806,0.0,0.3320849,-0.9431151,-0.015921712,0.0,-0.02411598,-0.42459878,0.5430502,1.0
3647526941,-0.94395375,-0.32672808,0.04689902,0.0,-0.051373184,0.0050729513,-0.9986666,0.0,0.3260545,-0.94510466,-0.021573424,0.0,-0.023801595,-0.42718768,0.54162925,1.0
3647893405,-0.94606006,-0.32096893,0.044151127,0.0,-0.05044532,0.011316359,-0.9986627,0.0,0.32004008,-0.9470221,-0.026897311,0.0,-0.023602039,-0.43042567,0.54029506,1.0
3648251080,-0.94952774,-0.31082088,0.042274743,0.0,-0.050008625,0.016951382,-0.9986049,0.0,0.30967066,-0.95031726,-0.031639457,0.0,-0.02389957,-0.43419278,0.5390776,1.0
3648610823,-0.95300126,-0.30027694,0.040275022,0.0,-0.048951566,0.021425068,-0.9985712,0.0,0.29898506,-0.9536113,-0.03511691,0.0,-0.024097487,-0.4383279,0.5379277,1.0
3648956847,-0.9555404,-0.29202342,0.040798485,0.0,-0.05017622,0.024692535,-0.998435,0.0,0.290559,-0.95609224,-0.03824711,0.0,-0.023886919,-0.4422323,0.5366328,1.0
3649413145,-0.95784163,-0.2840246,0.043238997,0.0,-0.05328112,0.027722657,-0.9981947,0.0,0.28231314,-0.9584162,-0.04168713,0.0,-0.023035109,-0.4478435,0.53479767,1.0
3649775213,-0.9606087,-0.2737993,0.047582567,0.0,-0.058221295,0.030857623,-0.9978266,0.0,0.27173597,-0.96129155,-0.045582652,0.0,-0.022395074,-0.45252982,0.5333197,1.0
3650138485,-0.9624429,-0.26693195,0.049507067,0.0,-0.060941696,0.034719586,-0.9975373,0.0,0.2645557,-0.96308976,-0.049682856,0.0,-0.021097377,-0.45714426,0.53211254,1.0
3650496013,-0.965183,-0.2570675,0.048354514,0.0,-0.060236193,0.038543284,-0.99743974,0.0,0.2545456,-0.9656246,-0.052686095,0.0,-0.019719273,-0.4619054,0.5313139,1.0
3650842052,-0.96752846,-0.24838987,0.046807222,0.0,-0.05882231,0.04116863,-0.9974192,0.0,0.24582183,-0.9677848,-0.054442525,0.0,-0.017870307,-0.46667445,0.530792,1.0
3651182619,-0.9690901,-0.24238801,0.04595653,0.0,-0.05818311,0.04352379,-0.99735665,0.0,0.2397471,-0.9692025,-0.05628121,0.0,-0.01576534,-0.4714249,0.5302069,1.0
3651507549,-0.9713694,-0.23309766,0.04589969,0.0,-0.058144048,0.045928597,-0.9972511,0.0,0.2303488,-0.97136813,-0.058166742,0.0,-0.014185265,-0.4760697,0.52959466,1.0
3651836692,-0.9737785,-0.22289258,0.045554362,0.0,-0.057702474,0.048293054,-0.99716526,0.0,0.22006074,-0.9736462,-0.059888482,0.0,-0.012634307,-0.48048463,0.5290435,1.0
3652185704,-0.9752829,-0.21655355,0.043908082,0.0,-0.055884555,0.049492,-0.99720985,0.0,0.21377623,-0.97501546,-0.060370803,0.0,-0.010735959,-0.48468173,0.5286136,1.0
3652537106,-0.9769249,-0.20934771,0.042309463,0.0,-0.053788587,0.049444675,-0.99732715,0.0,0.20669626,-0.9765901,-0.059563637,0.0,-0.009223759,-0.48849943,0.52816164,1.0
3652904185,-0.9789293,-0.19979075,0.042199135,0.0,-0.052871607,0.0483855,-0.9974283,0.0,0.19723515,-0.97864306,-0.05792904,0.0,-0.008304879,-0.49181962,0.5276149,1.0
3653238278,-0.98010886,-0.19393152,0.042157277,0.0,-0.052204654,0.04699123,-0.99753016,0.0,0.19147152,-0.979889,-0.056180716,0.0,-0.0075446814,-0.4941151,0.52711284,1.0
3653598516,-0.98077834,-0.19048026,0.042328477,0.0,-0.05211138,0.04664439,-0.9975515,0.0,0.18803945,-0.9805824,-0.055674314,0.0,-0.006874755,-0.49578315,0.5264668,1.0
3653976624,-0.9813235,-0.1877833,0.041740566,0.0,-0.051597424,0.047910273,-0.9975182,0.0,0.18531743,-0.98104143,-0.05670488,0.0,-0.006419003,-0.49666762,0.52569526,1.0
3654324983,-0.9813832,-0.18782225,0.040115923,0.0,-0.050227202,0.04938656,-0.9975159,0.0,0.18537451,-0.9809605,-0.057900667,0.0,-0.005992681,-0.49689457,0.525066,1.0
3654666305,-0.9811996,-0.18888845,0.039603144,0.0,-0.049912885,0.050138533,-0.99749434,0.0,0.1864295,-0.9807178,-0.05862391,0.0,-0.0057061464,-0.4967429,0.524548,1.0
3655018747,-0.9807842,-0.19088301,0.040328465,0.0,-0.050796352,0.05026573,-0.9974434,0.0,0.18836784,-0.98032504,-0.0589962,0.0,-0.0054415613,-0.4963489,0.52398616,1.0
3655368220,-0.980253,-0.1932667,0.041858062,0.0,-0.052349985,0.0495013,-0.9974012,0.0,0.19069241,-0.9798967,-0.058641315,0.0,-0.0052755624,-0.49587792,0.52357686,1.0
3655725248,-0.98000395,-0.19455844,0.041707404,0.0,-0.051985845,0.048024118,-0.9974925,0.0,0.19206762,-0.9797147,-0.05717826,0.0,-0.005323857,-0.49536192,0.52347505,1.0
3656074320,-0.97980285,-0.19563597,0.04139349,0.0,-0.051396772,0.046333015,-0.99760306,0.0,0.19324914,-0.9795816,-0.055452466,0.0,-0.0055224,-0.4947121,0.52359676,1.0
3656406348,-0.97942233,-0.19779521,0.04010819,0.0,-0.05007819,0.045661986,-0.9977009,0.0,0.19550906,-0.97917926,-0.054627538,0.0,-0.0056304783,-0.49388805,0.523751,1.0
3656756505,-0.978855,-0.20110765,0.037402704,0.0,-0.047393747,0.045095205,-0.997858,0.0,0.19899015,-0.9785307,-0.05367315,0.0,-0.005518481,-0.49305716,0.5240488,1.0
3657105531,-0.9780636,-0.20527965,0.03537599,0.0,-0.04537625,0.04421264,-0.99799097,0.0,0.20330319,-0.97770405,-0.05255735,0.0,-0.005130142,-0.49256706,0.52432907,1.0
3657447555,-0.97708917,-0.21011336,0.033905394,0.0,-0.043801025,0.04262215,-0.99813074,0.0,0.20827547,-0.9767476,-0.05084896,0.0,-0.00437662,-0.49273613,0.52468675,1.0
3657806748,-0.9766351,-0.21235749,0.03299228,0.0,-0.042400993,0.039904296,-0.99830353,0.0,0.21068066,-0.976377,-0.047976255,0.0,-0.0034677535,-0.4938454,0.52523035,1.0
3658160516,-0.9767666,-0.21174058,0.033050768,0.0,-0.0419316,0.037589073,-0.99841297,0.0,0.21016225,-0.97660255,-0.045593977,0.0,-0.0027102828,-0.49565414,0.5259553,1.0
3658522423,-0.97729254,-0.2095061,0.031722046,0.0,-0.04043492,0.037435234,-0.9984806,0.0,0.20800024,-0.9770904,-0.045056462,0.0,-0.0021801144,-0.49787813,0.52694035,1.0
3658860261,-0.9789059,-0.20242174,0.027718984,0.0,-0.036442295,0.03949517,-0.9985549,0.0,0.20103449,-0.9785016,-0.04603851,0.0,-0.0017806143,-0.4997262,0.52808726,1.0
3659216509,-0.9801531,-0.1969621,0.022502944,0.0,-0.03131883,0.041759074,-0.9986368,0.0,0.19575389,-0.97952145,-0.047099113,0.0,-0.0007971227,-0.5011903,0.5295017,1.0
3659582509,-0.980726,-0.1945048,0.018563911,0.0,-0.027318448,0.042423844,-0.9987262,0.0,0.19346948,-0.97998375,-0.046919823,0.0,0.0005648881,-0.5024622,0.5310764,1.0
3659909307,-0.9811231,-0.19281027,0.014897555,0.0,-0.02329161,0.0413419,-0.9988736,0.0,0.19197719,-0.9803648,-0.04505253,0.0,0.0018123388,-0.5035855,0.53259844,1.0
3660253550,-0.9818325,-0.18939914,0.011496313,0.0,-0.019319147,0.039509237,-0.99903226,0.0,0.18876168,-0.98110485,-0.04245019,0.0,0.0031460375,-0.504686,0.5341924,1.0
3660586227,-0.98228407,-0.18717867,0.00904309,0.0,-0.016653128,0.03912419,-0.9990955,0.0,0.18665558,-0.98154634,-0.041547894,0.0,0.0043486357,-0.505646,0.5353825,1.0
3660936846,-0.9831362,-0.18271631,0.0076248273,0.0,-0.015213512,0.040166974,-0.99907714,0.0,0.18224141,-0.9823448,-0.04226935,0.0,0.0050983727,-0.50652826,0.5362964,1.0
3661281711,-0.983541,-0.18056796,0.0065087825,0.0,-0.014363289,0.04222548,-0.99900496,0.0,0.18011343,-0.98265576,-0.044124126,0.0,0.005859345,-0.5072884,0.537038,1.0
3661645142,-0.9837706,-0.17939417,0.0035386458,0.0,-0.011810988,0.04506576,-0.99891406,0.0,0.17903993,-0.9827444,-0.04645288,0.0,0.0066907257,-0.50809795,0.53778267,1.0
3662356369,-0.98477435,-0.1738185,-0.002643682,0.0,-0.0058672056,0.048432052,-0.99880934,0.0,0.17373958,-0.9835861,-0.048714638,0.0,0.007809356,-0.5096545,0.53926283,1.0
3662703063,-0.9848347,-0.17340705,-0.0056084096,0.0,-0.0027766675,0.048074365,-0.99884003,0.0,0.1734755,-0.9836764,-0.047827125,0.0,0.008150086,-0.510246,0.5400033,1.0
3663073570,-0.98519254,-0.17134799,-0.00598114,0.0,-0.0023792088,0.048544705,-0.9988183,0.0,0.17143583,-0.9840139,-0.04823363,0.0,0.007924542,-0.51056945,0.54048884,1.0
3663406709,-0.98554647,-0.16925135,-0.007193595,0.0,-0.0013488531,0.050302982,-0.998733,0.0,0.16939878,-0.9842883,-0.04980409,0.0,0.0075568855,-0.5105244,0.5408073,1.0
3663771993,-0.9859283,-0.16693598,-0.008803621,0.0,0.00014653057,0.05180037,-0.9986574,0.0,0.16716789,-0.98460597,-0.051046968,0.0,0.007246405,-0.51024574,0.54124033,1.0
3664122640,-0.98598456,-0.16644952,-0.011338271,0.0,0.0025651231,0.052828252,-0.99860024,0.0,0.16681552,-0.9846337,-0.051660776,0.0,0.00704509,-0.50980455,0.54175436,1.0
3664502066,-0.98593605,-0.16660532,-0.01313974,0.0,0.004211098,0.053832054,-0.99854106,0.0,0.1670696,-0.98455304,-0.05237329,0.0,0.0066259354,-0.50899065,0.5422666,1.0
3664830655,-0.9860102,-0.1661421,-0.013452932,0.0,0.004475765,0.05428964,-0.99851525,0.0,0.16662578,-0.98460627,-0.052786708,0.0,0.00613977,-0.50800717,0.54277074,1.0
3665187932,-0.9860475,-0.16584803,-0.014301993,0.0,0.005378604,0.05412948,-0.99851936,0.0,0.16637665,-0.9846645,-0.05248201,0.0,0.005795732,-0.5066686,0.543553,1.0
3665547166,-0.9854698,-0.16919756,-0.014905386,0.0,0.0058001205,0.054181337,-0.9985145,0.0,0.16975376,-0.98409194,-0.052413106,0.0,0.006388098,-0.5053004,0.5444251,1.0
3665906204,-0.98375297,-0.17881499,-0.015998028,0.0,0.0060145557,0.05623448,-0.9983996,0.0,0.17942843,-0.98227453,-0.05424559,0.0,0.007631734,-0.50464684,0.54511094,1.0
3666240629,-0.98401356,-0.17723522,-0.017454281,0.0,0.0069947764,0.059469104,-0.9982056,0.0,0.17795518,-0.9823701,-0.057278514,0.0,0.007875174,-0.50477695,0.5456262,1.0
3666603752,-0.9845756,-0.17404339,-0.017865427,0.0,0.0070511103,0.0625571,-0.99801636,0.0,0.17481577,-0.98274887,-0.060364723,0.0,0.00796625,-0.5053239,0.5460663,1.0
3666955420,-0.9849168,-0.17203718,-0.018485323,0.0,0.007475592,0.06442553,-0.99789447,0.0,0.17286588,-0.9829814,-0.062167525,0.0,0.008199498,-0.50576687,0.54661095,1.0
3667306474,-0.9852395,-0.17009924,-0.019219413,0.0,0.008193091,0.06528902,-0.9978328,0.0,0.17098542,-0.9832617,-0.06293166,0.0,0.00869973,-0.50596017,0.54719114,1.0
3667677153,-0.98434436,-0.17511219,-0.020049915,0.0,0.008710049,0.06528777,-0.9978285,0.0,0.17604093,-0.98238146,-0.062740445,0.0,0.0097412765,-0.5059807,0.54764956,1.0
3668021922,-0.98428464,-0.17553353,-0.019295126,0.0,0.008027643,0.064674735,-0.9978742,0.0,0.17640828,-0.98234683,-0.06224954,0.0,0.010107368,-0.5060134,0.5478262,1.0
3668371064,-0.9839909,-0.17730695,-0.017995805,0.0,0.0067519173,0.063815296,-0.9979389,0.0,0.1780899,-0.9820844,-0.061596394,0.0,0.01036638,-0.5060997,0.5478354,1.0
3668740466,-0.9834604,-0.1803045,-0.017201915,0.0,0.0060705543,0.062107325,-0.9980511,0.0,0.18102145,-0.98164815,-0.059985638,0.0,0.010497853,-0.5061746,0.54780406,1.0
3669069578,-0.9833629,-0.18096931,-0.015734136,0.0,0.00498645,0.059691787,-0.99820447,0.0,0.18158357,-0.9816756,-0.05779636,0.0,0.010211632,-0.5062151,0.54769117,1.0
3669425622,-0.98292255,-0.18352626,-0.013480157,0.0,0.003185466,0.0562734,-0.9984104,0.0,0.18399309,-0.9814028,-0.05472803,0.0,0.009937912,-0.50614333,0.5474406,1.0
3669778651,-0.9821409,-0.18778709,-0.011627242,0.0,0.0017336234,0.05276388,-0.9986055,0.0,0.18813871,-0.98079145,-0.05149603,0.0,0.00997135,-0.50590664,0.54705834,1.0
3670126922,-0.9810281,-0.19365707,-0.008993052,0.0,-0.0007890761,0.050376296,-0.99873006,0.0,0.19386417,-0.9797751,-0.04957342,0.0,0.010223672,-0.5056041,0.5463646,1.0
3670480951,-0.9801384,-0.19824529,-0.00525216,0.0,-0.0045471564,0.048942626,-0.9987912,0.0,0.19826269,-0.97892976,-0.048871994,0.0,0.010219857,-0.5053001,0.5454526,1.0
3670840232,-0.97958374,-0.20103392,-0.0010135621,0.0,-0.008840807,0.04811454,-0.99880266,0.0,0.20084198,-0.9784019,-0.048909426,0.0,0.009981081,-0.50485957,0.5445289,1.0
3671188699,-0.97883344,-0.20465153,0.0017138943,0.0,-0.011656873,0.04738921,-0.99880856,0.0,0.20432645,-0.9776872,-0.04877186,0.0,0.009920344,-0.50416577,0.5438575,1.0
3671535382,-0.97815037,-0.20787983,0.0026742145,0.0,-0.012761429,0.047198534,-0.9988039,0.0,0.20750499,-0.97701484,-0.04881978,0.0,0.010049179,-0.5033412,0.54336476,1.0
3671900934,-0.9771224,-0.21267,0.00206998,0.0,-0.01254914,0.047936022,-0.99877185,0.0,0.21230952,-0.9759478,-0.04950869,0.0,0.010470077,-0.50246805,0.542854,1.0
3672245830,-0.97684646,-0.2139362,0.0016391128,0.0,-0.012590349,0.049836695,-0.9986781,0.0,0.21357168,-0.97557557,-0.051376462,0.0,0.01064074,-0.5017753,0.542168,1.0
3672615726,-0.97681046,-0.21409497,0.0021411926,0.0,-0.0137373805,0.052690685,-0.9985163,0.0,0.21366452,-0.9753907,-0.05440986,0.0,0.010840014,-0.5010679,0.54127145,1.0
3672963374,-0.9758959,-0.21819896,0.004004851,0.0,-0.016788088,0.056762993,-0.99824643,0.0,0.21758902,-0.974252,-0.059057713,0.0,0.011305109,-0.50042456,0.5402453,1.0
3673323704,-0.9757539,-0.21878031,0.006230347,0.0,-0.020054713,0.061024785,-0.99793464,0.0,0.21794829,-0.9738639,-0.06393242,0.0,0.01146926,-0.49986488,0.53929985,1.0
3673662241,-0.9751229,-0.2215299,0.0077499,0.0,-0.022157922,0.06262773,-0.997791,0.0,0.22055517,-0.9731404,-0.06597841,0.0,0.011799142,-0.49952316,0.53881216,1.0
3674375718,-0.9741223,-0.22583684,0.009125009,0.0,-0.02285491,0.05825603,-0.99803996,0.0,0.22486262,-0.97242165,-0.061909914,0.0,0.012072369,-0.49939582,0.5390908,1.0
3674733576,-0.9736171,-0.22800243,0.009184256,0.0,-0.022164486,0.054435194,-0.9982712,0.0,0.22710833,-0.9721377,-0.05805254,0.0,0.012157127,-0.49921417,0.5394569,1.0
3675075958,-0.9728234,-0.23135416,0.00945694,0.0,-0.02182363,0.05095291,-0.9984625,0.0,0.23051661,-0.9715343,-0.054616928,0.0,0.012336254,-0.4988657,0.53969437,1.0
3675441380,-0.9714569,-0.23692396,0.011727236,0.0,-0.023787826,0.048110664,-0.99855846,0.0,0.23601827,-0.970336,-0.052372813,0.0,0.012428671,-0.49826565,0.53969306,1.0
3675791566,-0.970503,-0.24067597,0.014101297,0.0,-0.026117817,0.04681152,-0.9985622,0.0,0.23966983,-0.969476,-0.051716566,0.0,0.012158141,-0.49758652,0.5395949,1.0
3676145563,-0.97009325,-0.24230549,0.014405049,0.0,-0.02635467,0.046147346,-0.998587,0.0,0.24129835,-0.969102,-0.051153302,0.0,0.011665553,-0.4968186,0.5396644,1.0
3676488876,-0.9695722,-0.2444281,0.013566054,0.0,-0.025438674,0.04548186,-0.998641,0.0,0.24347895,-0.96860003,-0.05031562,0.0,0.011270076,-0.49597996,0.5398462,1.0
3676844826,-0.96904683,-0.24652138,0.0132609755,0.0,-0.025059313,0.044783592,-0.9986825,0.0,0.24560268,-0.9681022,-0.04957533,0.0,0.010915205,-0.49510568,0.539988,1.0
3677187817,-0.9679282,-0.2508575,0.013626479,0.0,-0.025585234,0.04447204,-0.998683,0.0,0.24992111,-0.9670019,-0.049463987,0.0,0.010779455,-0.49435014,0.54009527,1.0
3677541742,-0.96699977,-0.2544158,0.013556346,0.0,-0.025762074,0.044704914,-0.99866796,0.0,0.2534709,-0.9660611,-0.049783826,0.0,0.010577932,-0.4936571,0.54035395,1.0
3677911751,-0.9654999,-0.26012012,0.012133181,0.0,-0.0246863,0.04504633,-0.99867976,0.0,0.25923017,-0.96452487,-0.049913526,0.0,0.010649979,-0.49307382,0.54091954,1.0
3678240814,-0.9642223,-0.264915,0.009782985,0.0,-0.022635303,0.045505464,-0.9987077,0.0,0.26412743,-0.9631975,-0.049873948,0.0,0.010710731,-0.4927186,0.54154736,1.0
3678603560,-0.9631636,-0.26882774,0.006856248,0.0,-0.020153888,0.046736956,-0.9987037,0.0,0.26815885,-0.96205354,-0.05043292,0.0,0.010614902,-0.4923442,0.5422416,1.0
3678955821,-0.9626024,-0.27090132,0.0029726028,0.0,-0.016823784,0.048822224,-0.99866575,0.0,0.27039474,-0.96136814,-0.051553726,0.0,0.0102375895,-0.49179024,0.5428952,1.0
3679322827,-0.9625087,-0.27125233,-0.00012663007,0.0,-0.014540091,0.05205989,-0.99853826,0.0,0.27086237,-0.9610995,-0.054052472,0.0,0.009772822,-0.4906463,0.5432349,1.0
3679662389,-0.9605442,-0.27811337,-0.0026787221,0.0,-0.013121739,0.05493623,-0.9984035,0.0,0.27781653,-0.95897585,-0.056417704,0.0,0.009912312,-0.48911744,0.54342735,1.0
3680027406,-0.9593209,-0.28225714,-0.005794078,0.0,-0.0105265975,0.056271434,-0.99835986,0.0,0.2821203,-0.95768684,-0.05695319,0.0,0.009677097,-0.4872243,0.54363275,1.0
3680738351,-0.9557874,-0.29401284,-0.0052287728,0.0,-0.011698231,0.055784225,-0.9983744,0.0,0.29382652,-0.9541723,-0.05675745,0.0,0.009352967,-0.48253503,0.54369915,1.0
3681081495,-0.95369685,-0.30070618,-0.0061468184,0.0,-0.010769933,0.05456686,-0.998452,0.0,0.30057612,-0.95215446,-0.05527866,0.0,0.009584919,-0.48013824,0.5437771,1.0
3681452090,-0.95166385,-0.30709583,-0.0053462237,0.0,-0.01178284,0.053896368,-0.9984771,0.0,0.3069163,-0.9501513,-0.054909945,0.0,0.009796217,-0.47769314,0.5435211,1.0
3681796041,-0.94987917,-0.3125824,-0.0047064275,0.0,-0.012520909,0.053082824,-0.9985117,0.0,0.31236696,-0.94840634,-0.05433619,0.0,0.009979099,-0.47569695,0.54329395,1.0
3682150608,-0.9483559,-0.317182,-0.0041083097,0.0,-0.012890309,0.051475465,-0.9985912,0.0,0.3169466,-0.94696677,-0.052905798,0.0,0.010156497,-0.4740705,0.5431197,1.0
3682491432,-0.9471245,-0.32084313,-0.0038784146,0.0,-0.012662083,0.049450636,-0.9986963,0.0,0.32061663,-0.9458406,-0.050898552,0.0,0.010280058,-0.47303283,0.5430532,1.0
3682857736,-0.9468243,-0.32172006,-0.0044949353,0.0,-0.010917351,0.046085715,-0.9988778,0.0,0.32156616,-0.9457126,-0.047147512,0.0,0.01027973,-0.47249863,0.5431831,1.0
3683206932,-0.94623756,-0.32344982,-0.003804937,0.0,-0.010496587,0.042459726,-0.999043,0.0,0.32330185,-0.9452921,-0.04357195,0.0,0.010338128,-0.47238392,0.5432619,1.0
3683576161,-0.9462173,-0.32350594,-0.003995776,0.0,-0.009650543,0.040567636,-0.9991301,0.0,0.32338664,-0.94535595,-0.041507483,0.0,0.010121152,-0.47226197,0.5431803,1.0
3683906081,-0.9467182,-0.32201898,-0.005310893,0.0,-0.008061722,0.04017967,-0.9991599,0.0,0.32196188,-0.9458801,-0.04063475,0.0,0.009942442,-0.47166526,0.54298234,1.0
3684250382,-0.9462974,-0.32323205,-0.0064893514,0.0,-0.006607458,0.03940445,-0.9992015,0.0,0.32322967,-0.945499,-0.03942406,0.0,0.010120526,-0.47046474,0.54269284,1.0
3684599390,-0.945143,-0.32661647,-0.0050890595,0.0,-0.008098766,0.039004683,-0.99920607,0.0,0.32655567,-0.9443517,-0.039509892,0.0,0.010546625,-0.46877798,0.5420683,1.0
3684950432,-0.9444654,-0.32858795,-0.0038371831,0.0,-0.009930953,0.040212512,-0.99914175,0.0,0.32846028,-0.9436169,-0.04124236,0.0,0.010766715,-0.46677494,0.5412377,1.0
3685305554,-0.9440532,-0.32978398,-0.002530843,0.0,-0.012057319,0.042182505,-0.9990372,0.0,0.32957318,-0.9431136,-0.043799043,0.0,0.011207089,-0.46439666,0.5402591,1.0
3685654202,-0.9418974,-0.33590114,0.00022694468,0.0,-0.016245887,0.044880092,-0.99886036,0.0,0.3355081,-0.9408275,-0.04772961,0.0,0.012006223,-0.46187526,0.5391278,1.0
3686366327,-0.93837357,-0.345576,0.0056354553,0.0,-0.025607064,0.053254366,-0.99825245,0.0,0.34467202,-0.93687826,-0.05882144,0.0,0.013954997,-0.45703283,0.5372131,1.0
3686720798,-0.93746734,-0.34801987,0.0061286837,0.0,-0.029159874,0.060978472,-0.99771315,0.0,0.34685022,-0.935502,-0.06731379,0.0,0.014733493,-0.45554814,0.53651434,1.0
3687408807,-0.9378824,-0.34693563,0.003476128,0.0,-0.032425806,0.07767391,-0.9964514,0.0,0.3454345,-0.934667,-0.08409858,0.0,0.016148642,-0.4546914,0.53564084,1.0
3687749243,-0.94039416,-0.3400718,0.0030681342,0.0,-0.032857165,0.08187258,-0.9961009,0.0,0.33849466,-0.9368286,-0.08816612,0.0,0.016257435,-0.45535588,0.5358494,1.0
3688097447,-0.9411893,-0.3378767,0.0015516281,0.0,-0.031463027,0.083069265,-0.996047,0.0,0.3364122,-0.9375174,-0.088814616,0.0,0.016869605,-0.45626155,0.53654796,1.0
3688433955,-0.9427469,-0.33350697,-0.00078871846,0.0,-0.028214812,0.08211291,-0.99622345,0.0,0.3323123,-0.93916464,-0.0868212,0.0,0.017344564,-0.45724905,0.53746337,1.0
3688789425,-0.94344807,-0.33151963,-0.000910148,0.0,-0.027284563,0.080382526,-0.9963907,0.0,0.33039618,-0.9400178,-0.08488226,0.0,0.018013537,-0.4581483,0.53822404,1.0
3689136710,-0.9429282,-0.3329963,-0.00076304376,0.0,-0.027666286,0.080624044,-0.9963608,0.0,0.33184588,-0.9394752,-0.085235715,0.0,0.018969297,-0.45882845,0.53873575,1.0
3689481229,-0.9440386,-0.3298303,-0.001696378,0.0,-0.027171522,0.08289385,-0.99618775,0.0,0.32871357,-0.94039375,-0.087216854,0.0,0.019565657,-0.4595854,0.5392477,1.0
3689817861,-0.94439363,-0.32879978,-0.0033672005,0.0,-0.026100188,0.085166335,-0.99602485,0.0,0.32777953,-0.94055164,-0.089012265,0.0,0.020606756,-0.46023086,0.539904,1.0
3690198573,-0.94360256,-0.33100635,-0.006985873,0.0,-0.023113921,0.086910546,-0.99594796,0.0,0.33027223,-0.93961763,-0.08965981,0.0,0.022263557,-0.46106178,0.5410289,1.0
3690506225,-0.9441612,-0.32931924,-0.010432392,0.0,-0.019615784,0.08778882,-0.995946,0.0,0.32890004,-0.94012874,-0.08934677,0.0,0.023401245,-0.46205676,0.5420325,1.0
3690834930,-0.9440143,-0.3296228,-0.013651013,0.0,-0.016541168,0.08861792,-0.99592847,0.0,0.32949042,-0.9399447,-0.08910918,0.0,0.024732798,-0.46306562,0.542856,1.0
3691162523,-0.9440491,-0.32941633,-0.01602614,0.0,-0.014278963,0.089371264,-0.9958961,0.0,0.3294967,-0.9399457,-0.08907485,0.0,0.02589728,-0.4641203,0.5433565,1.0
3691486832,-0.94352794,-0.3308285,-0.017534778,0.0,-0.013177112,0.09036255,-0.9958218,0.0,0.33103067,-0.9393546,-0.08961892,0.0,0.026955888,-0.46526238,0.5434877,1.0
3692151205,-0.94400656,-0.32946637,-0.017435431,0.0,-0.014151573,0.093232214,-0.99554396,0.0,0.32962376,-0.939553,-0.092674494,0.0,0.027960256,-0.46792898,0.5426897,1.0
3692495518,-0.94424856,-0.32878008,-0.01727748,0.0,-0.014643103,0.0943647,-0.99543005,0.0,0.32890794,-0.9396803,-0.093918204,0.0,0.028294146,-0.46908975,0.5420109,1.0
3692822145,-0.9435766,-0.3307122,-0.017082006,0.0,-0.015130222,0.09458399,-0.9954016,0.0,0.33080724,-0.9389796,-0.09425056,0.0,0.028873906,-0.46965006,0.54128826,1.0
3693145748,-0.94051063,-0.3393565,-0.016635254,0.0,-0.016447693,0.09437859,-0.9954004,0.0,0.33936566,-0.9359112,-0.09434557,0.0,0.030014738,-0.46963596,0.5403932,1.0
3693484472,-0.9375751,-0.34739763,-0.016374752,0.0,-0.017795831,0.094943345,-0.99532366,0.0,0.3473277,-0.9328991,-0.09519887,0.0,0.030859321,-0.46983862,0.5391324,1.0
3694154006,-0.9331732,-0.3590585,-0.016247138,0.0,-0.020844534,0.099190295,-0.9948499,0.0,0.35882097,-0.92802906,-0.10004568,0.0,0.032301083,-0.4704909,0.5355539,1.0
3694481167,-0.9290906,-0.369561,-0.014653653,0.0,-0.024256676,0.10042173,-0.99464905,0.0,0.3690551,-0.923764,-0.102265,0.0,0.033367455,-0.4711341,0.53353584,1.0
3695120874,-0.9256426,-0.378269,-0.009933457,0.0,-0.029876977,0.09922922,-0.99461603,0.0,0.37721807,-0.920362,-0.10315251,0.0,0.034305185,-0.4744647,0.5301633,1.0
3695419260,-0.9248512,-0.3801958,-0.010052383,0.0,-0.029564694,0.09821868,-0.9947255,0.0,0.37917784,-0.9196761,-0.10207796,0.0,0.034908473,-0.47699094,0.5289433,1.0
3696036926,-0.9246366,-0.38073933,-0.009215906,0.0,-0.030269101,0.09758794,-0.9947666,0.0,0.37964612,-0.9195185,-0.10175812,0.0,0.036301777,-0.48285478,0.52565026,1.0
3696676577,-0.92698705,-0.37507194,-0.0040234625,0.0,-0.03607653,0.099829376,-0.9943503,0.0,0.37335455,-0.92160463,-0.10607195,0.0,0.037305042,-0.4901728,0.52093565,1.0
3697016866,-0.93012667,-0.36723584,-0.0014142543,0.0,-0.038430855,0.101165354,-0.9941271,0.0,0.36522216,-0.92460984,-0.10820973,0.0,0.037714005,-0.49434984,0.5183553,1.0
3697336674,-0.9304483,-0.36641836,0.0017385185,0.0,-0.041913018,0.10171431,-0.99393016,0.0,0.36401752,-0.92487377,-0.10999739,0.0,0.038697034,-0.49805743,0.5159846,1.0
3697667211,-0.93160367,-0.363447,0.0045960546,0.0,-0.044567987,0.10167104,-0.9938193,0.0,0.36073333,-0.92605036,-0.1109153,0.0,0.03983085,-0.5018632,0.5138842,1.0
3698005198,-0.93205595,-0.36226052,0.006279677,0.0,-0.046108812,0.10140586,-0.99377614,0.0,0.359369,-0.92654437,-0.111219525,0.0,0.041315988,-0.5057508,0.5120143,1.0
3698657086,-0.93244076,-0.36119026,0.009809807,0.0,-0.05012788,0.10242641,-0.99347687,0.0,0.35782933,-0.92684984,-0.11361253,0.0,0.044172034,-0.5133053,0.50840235,1.0
3699663685,-0.93407726,-0.35686445,0.012123004,0.0,-0.053089187,0.10522461,-0.9930303,0.0,0.3531016,-0.92821085,-0.117233396,0.0,0.04892817,-0.52504283,0.50327235,1.0
3699979201,-0.9344963,-0.35576826,0.012072101,0.0,-0.052058592,0.10303664,-0.9933144,0.0,0.35214585,-0.928877,-0.1148082,0.0,0.050633222,-0.528548,0.5021446,1.0
3700307863,-0.9340205,-0.35702604,0.011759222,0.0,-0.050576374,0.09958291,-0.9937431,0.0,0.35362116,-0.9287711,-0.11106968,0.0,0.052630216,-0.5319067,0.50104386,1.0
3700639629,-0.93296313,-0.35980093,0.0111023635,0.0,-0.048547417,0.09520304,-0.9942734,0.0,0.3566835,-0.92815936,-0.10628843,0.0,0.054846585,-0.5349913,0.5000909,1.0
3700987490,-0.9314873,-0.36363018,0.010207266,0.0,-0.04623951,0.09052372,-0.99482024,0.0,0.36082268,-0.9271345,-0.10113573,0.0,0.057203755,-0.53783923,0.4990965,1.0
3701297773,-0.9294853,-0.36875227,0.008891702,0.0,-0.043331295,0.085219264,-0.9954197,0.0,0.36630547,-0.9256131,-0.09518874,0.0,0.059477925,-0.54006094,0.4984984,1.0
3701626532,-0.927204,-0.37445173,0.008907214,0.0,-0.041579872,0.07926649,-0.9959861,0.0,0.37224257,-0.9238523,-0.08906615,0.0,0.061774746,-0.54218304,0.4980426,1.0
3701960881,-0.92498255,-0.37990388,0.008952141,0.0,-0.040257305,0.07453823,-0.9964052,0.0,0.37787095,-0.9220179,-0.08424044,0.0,0.063908175,-0.54415727,0.4977174,1.0
3702624007,-0.92323995,-0.3841793,0.0058311075,0.0,-0.035528824,0.070250094,-0.9968965,0.0,0.38257736,-0.92058194,-0.078507066,0.0,0.067445934,-0.5480485,0.49745965,1.0
3703028463,-0.9232385,-0.38422507,0.0014018416,0.0,-0.030643627,0.06999439,-0.9970767,0.0,0.3830037,-0.9205825,-0.07639575,0.0,0.06918602,-0.5502324,0.4974519,1.0
3703308466,-0.92367697,-0.3831669,-0.0019471496,0.0,-0.026576325,0.06913376,-0.99725336,0.0,0.38224906,-0.9210883,-0.07404041,0.0,0.07018238,-0.5517157,0.49758443,1.0
3703605241,-0.9244945,-0.38116392,-0.004836485,0.0,-0.022706836,0.067730784,-0.9974451,0.0,0.38051772,-0.92202294,-0.07127154,0.0,0.07103272,-0.5532174,0.49767154,1.0
3703942426,-0.9245676,-0.380954,-0.006988898,0.0,-0.019822001,0.06640923,-0.9975956,0.0,0.38050216,-0.922206,-0.06895113,0.0,0.07193579,-0.5546198,0.4974353,1.0
3704266979,-0.9243078,-0.38156384,-0.0079946965,0.0,-0.018595815,0.065950036,-0.99764955,0.0,0.3811943,-0.9219867,-0.0680536,0.0,0.072623566,-0.5556915,0.4969828,1.0
3704927169,-0.92393947,-0.38241723,-0.0096553415,0.0,-0.016906947,0.06603742,-0.997674,0.0,0.3821653,-0.9216269,-0.06748021,0.0,0.073992565,-0.5576058,0.49638572,1.0
3705591406,-0.9225395,-0.38572907,-0.011582121,0.0,-0.014667839,0.06504059,-0.99777484,0.0,0.38562405,-0.9203167,-0.06566036,0.0,0.07493116,-0.5589352,0.4961404,1.0
3705919315,-0.92134523,-0.38853088,-0.012891963,0.0,-0.012968421,0.063863695,-0.9978742,0.0,0.38852835,-0.9192197,-0.063878894,0.0,0.07534839,-0.5593673,0.496257,1.0
3706246603,-0.921129,-0.38900566,-0.013995141,0.0,-0.011219412,0.062470675,-0.99798375,0.0,0.3890956,-0.91911477,-0.061908007,0.0,0.07539585,-0.55971116,0.496469,1.0
3706580433,-0.9211476,-0.38892213,-0.015069962,0.0,-0.009412795,0.06096798,-0.99809545,0.0,0.38910013,-0.91925114,-0.059821486,0.0,0.07528587,-0.55994517,0.49677956,1.0
3706904384,-0.9214833,-0.3880858,-0.016042486,0.0,-0.007979244,0.060207486,-0.99815387,0.0,0.3883353,-0.9196544,-0.058576584,0.0,0.0751207,-0.5600972,0.49713057,1.0
3707238693,-0.92079353,-0.38966113,-0.017404005,0.0,-0.0066836327,0.06037593,-0.9981532,0.0,0.38999236,-0.918977,-0.058197856,0.0,0.075375184,-0.56005853,0.49761125,1.0
3707584781,-0.9190948,-0.39354104,-0.019753143,0.0,-0.0048166066,0.061347187,-0.9981048,0.0,0.39400703,-0.9172578,-0.058279395,0.0,0.07605249,-0.560052,0.49824658,1.0
3707901912,-0.917014,-0.39823675,-0.022211537,0.0,-0.002828136,0.06217873,-0.9980612,0.0,0.39884567,-0.91517293,-0.058145285,0.0,0.07720211,-0.56055695,0.49904495,1.0
3708567702,-0.91713023,-0.39741868,-0.030498996,0.0,0.005231306,0.06450957,-0.99790335,0.0,0.3985529,-0.915367,-0.05708456,0.0,0.07963133,-0.56391925,0.5014401,1.0
3708886605,-0.9183235,-0.3942929,-0.03486243,0.0,0.009831056,0.065327466,-0.99781555,0.0,0.395709,-0.91666,-0.056115627,0.0,0.08089316,-0.56617934,0.50268495,1.0
3709223373,-0.91946983,-0.391276,-0.03844361,0.0,0.013745278,0.0657298,-0.9977427,0.0,0.39291972,-0.9179229,-0.05505824,0.0,0.08220248,-0.56850153,0.503853,1.0
3709555796,-0.9211526,-0.38703096,-0.041046157,0.0,0.016385391,0.06680471,-0.9976315,0.0,0.38885635,-0.91964346,-0.05519557,0.0,0.08321038,-0.5704434,0.50473785,1.0
3710213317,-0.9216671,-0.38541025,-0.044595137,0.0,0.019116446,0.06969082,-0.9973855,0.0,0.38751042,-0.92010987,-0.056864023,0.0,0.08550918,-0.5724409,0.5056826,1.0
3710544664,-0.92076015,-0.38748902,-0.045317605,0.0,0.019503072,0.070296586,-0.9973356,0.0,0.38964218,-0.91919035,-0.057169437,0.0,0.0870143,-0.5730247,0.5059391,1.0
3711198884,-0.9186003,-0.39271355,-0.044151723,0.0,0.018599331,0.068636835,-0.99746823,0.0,0.39474976,-0.9170959,-0.055745482,0.0,0.09022468,-0.57504344,0.5062777,1.0
3711550974,-0.9199414,-0.38971415,-0.042789593,0.0,0.017993122,0.06705862,-0.9975868,0.0,0.3916431,-0.9184912,-0.054677963,0.0,0.09171231,-0.5767959,0.50637287,1.0
3711869982,-0.92153573,-0.38610297,-0.04118292,0.0,0.017177299,0.06542075,-0.9977099,0.0,0.387913,-0.9201329,-0.053655267,0.0,0.09308185,-0.57868767,0.5063549,1.0
3712525114,-0.9247012,-0.37894338,-0.036464557,0.0,0.014527574,0.06058967,-0.998057,0.0,0.3804165,-0.92343426,-0.05052221,0.0,0.09584677,-0.582748,0.50610745,1.0
3712860342,-0.926476,-0.37486273,-0.03346406,0.0,0.012910277,0.057208776,-0.9982787,0.0,0.37613195,-0.9253134,-0.048162818,0.0,0.0971347,-0.5845522,0.5060717,1.0
3713205414,-0.92692876,-0.37403122,-0.030058458,0.0,0.010950178,0.053108454,-0.99852866,0.0,0.37507725,-0.9258942,-0.04513192,0.0,0.09863659,-0.5862514,0.50608844,1.0
3713527728,-0.9273875,-0.37317154,-0.026380494,0.0,0.008701712,0.048979998,-0.99876195,0.0,0.37400162,-0.9264687,-0.042176366,0.0,0.099932864,-0.58800167,0.50633055,1.0
3713846442,-0.9283869,-0.37084454,-0.023900747,0.0,0.007570371,0.04542935,-0.9989387,0.0,0.37153682,-0.927583,-0.03936827,0.0,0.10097946,-0.590015,0.5067362,1.0
3714199909,-0.9305804,-0.3654453,-0.02169007,0.0,0.0062532127,0.043371975,-0.99903953,0.0,0.36603498,-0.92982197,-0.038076162,0.0,0.10158501,-0.5922144,0.507085,1.0
3714527029,-0.93306303,-0.35921872,-0.018857673,0.0,0.00331226,0.043841958,-0.99903303,0.0,0.35969812,-0.93222314,-0.039717555,0.0,0.101770766,-0.5937053,0.5072536,1.0
3714853306,-0.93463516,-0.35521722,-0.016660824,0.0,0.0003760159,0.045864582,-0.9989475,0.0,0.3556075,-0.9336579,-0.042732954,0.0,0.102123596,-0.594326,0.50753665,1.0
3715207177,-0.93464136,-0.35524896,-0.015600726,0.0,-0.0015025139,0.047817826,-0.9988549,0.0,0.3555882,-0.93354774,-0.045226097,0.0,0.102547586,-0.5941209,0.5084262,1.0
3715488054,-0.9351065,-0.35398668,-0.016428664,0.0,-0.00045883656,0.04756975,-0.998868,0.0,0.35436743,-0.93404007,-0.044645548,0.0,0.10288521,-0.5935057,0.5098401,1.0
3715828328,-0.9340491,-0.35667038,-0.018412441,0.0,0.0020830631,0.046112835,-0.99893427,0.0,0.35713926,-0.93309176,-0.042328954,0.0,0.10370566,-0.59220123,0.51198906,1.0
3716190725,-0.9334717,-0.35807127,-0.020386055,0.0,0.0043538064,0.045523226,-0.9989538,0.0,0.3586247,-0.9325838,-0.040935636,0.0,0.10437047,-0.5902553,0.5142838,1.0
3716483433,-0.93305135,-0.359081,-0.021823466,0.0,0.0051649213,0.047286212,-0.9988681,0.0,0.3597065,-0.9321078,-0.042265892,0.0,0.10491166,-0.5883377,0.51570356,1.0
3717156735,-0.93277776,-0.3597477,-0.022504613,0.0,0.0013187379,0.059028387,-0.99825525,0.0,0.36044854,-0.93118036,-0.054585576,0.0,0.10557908,-0.58322084,0.51736015,1.0
3717465622,-0.93176603,-0.36235088,-0.022677243,0.0,-0.001384601,0.066007435,-0.99781823,0.0,0.36305714,-0.92970157,-0.06200528,0.0,0.105869286,-0.5809376,0.5178867,1.0
3717798065,-0.93154573,-0.36282063,-0.024153396,0.0,-0.003117159,0.074389815,-0.9972243,0.0,0.36361033,-0.9288849,-0.07042825,0.0,0.10593554,-0.5787939,0.5186541,1.0
