timestamp,pose 00,pose 01,pose 02,pose 03,pose 10,pose 11,pose 12,pose 13,pose 20,pose 21,pose 22,pose 23,pose 30,pose 31,pose 32,pose 33
3625705330,-0.56220007,-0.7811724,0.27147916,0.0,-0.28670502,-0.123808265,-0.94998515,0.0,0.77571356,-0.61191607,-0.15436113,0.0,-0.05524732,-0.2490404,0.34120977,1.0
3626073435,-0.57335925,-0.76868045,0.28352988,0.0,-0.2734557,-0.1466738,-0.95063585,0.0,0.7723217,-0.6225888,-0.12610304,0.0,-0.056056663,-0.2560916,0.33227596,1.0
3626485433,-0.5918063,-0.75098467,0.29289454,0.0,-0.2592865,-0.1666944,-0.95130616,0.0,0.7632403,-0.63893265,-0.096069336,0.0,-0.05372514,-0.2607057,0.3232478,1.0
3626821009,-0.61236596,-0.7359519,0.2887602,0.0,-0.23916592,-0.17568421,-0.9549526,0.0,0.7535299,-0.6538422,-0.06843138,0.0,-0.048881665,-0.26199782,0.31801522,1.0
3627180785,-0.64005303,-0.7166178,0.27711153,0.0,-0.21096453,-0.18289065,-0.9602316,0.0,0.7388003,-0.67306,-0.034121037,0.0,-0.041272685,-0.26132968,0.3148696,1.0
3627534952,-0.6596885,-0.70614064,0.25724876,0.0,-0.1794059,-0.18443334,-0.9663324,0.0,0.72981167,-0.68363005,-0.005017519,0.0,-0.031658024,-0.25860238,0.31357303,1.0
3627898534,-0.6759907,-0.6986655,0.23431273,0.0,-0.14740482,-0.18333864,-0.9719354,0.0,0.7220165,-0.69155836,0.020948887,0.0,-0.021701887,-0.2552525,0.31408605,1.0
3628591094,-0.6942065,-0.6913234,0.20037174,0.0,-0.096444875,-0.18652844,-0.97770405,0.0,0.71328485,-0.6980536,0.06281495,0.0,-0.0052808076,-0.25175914,0.319893,1.0
3628941869,-0.711246,-0.67939,0.180439,0.0,-0.07094592,-0.18600142,-0.97998476,0.0,0.69935375,-0.7098118,0.084092855,0.0,-0.0008549839,-0.2531728,0.32587618,1.0
3629280774,-0.73529613,-0.659553,0.15598056,0.0,-0.043095946,-0.18418002,-0.9819474,0.0,0.6763748,-0.72874403,0.10700256,0.0,9.854138e-05,-0.25554037,0.33331972,1.0
3629637466,-0.74656355,-0.6517515,0.13365048,0.0,-0.0219872,-0.17660415,-0.9840362,0.0,0.66495043,-0.73758435,0.11751628,0.0,-0.0005876273,-0.25642183,0.34017512,1.0
3629987124,-0.7435521,-0.6582353,0.11771086,0.0,-0.009680748,-0.16542006,-0.9861754,0.0,0.66860735,-0.73441267,0.11662662,0.0,-0.0020375848,-0.25663462,0.3463984,1.0
3630404441,-0.7338612,-0.6707913,0.10717538,0.0,-0.003251791,-0.1543026,-0.9880183,0.0,0.6792915,-0.7254169,0.11105549,0.0,-0.004305199,-0.2596866,0.35529134,1.0
3630763426,-0.7260946,-0.68004894,0.10159069,0.0,-0.005309105,-0.1421988,-0.9898241,0.0,0.68757474,-0.719245,0.09963894,0.0,-0.0066851974,-0.2661711,0.3646933,1.0
3631103864,-0.7242029,-0.6832013,0.09362665,0.0,-0.008403331,-0.12701845,-0.9918647,0.0,0.6895356,-0.7190981,0.08624613,0.0,-0.009816155,-0.27537298,0.37539315,1.0
3631430960,-0.7359474,-0.6721874,0.08090523,0.0,-0.009641409,-0.10908139,-0.99398607,0.0,0.6769701,-0.7323014,0.073797226,0.0,-0.014863312,-0.28589606,0.38685787,1.0
3631775077,-0.7521162,-0.65556026,0.067540765,0.0,-0.011577308,-0.08932626,-0.9959351,0.0,0.65892863,-0.749841,0.059594154,0.0,-0.021798447,-0.2966624,0.3992429,1.0
3632106488,-0.7613418,-0.64559555,0.059703708,0.0,-0.015987337,-0.07336354,-0.99717695,0.0,0.6481532,-0.7601473,0.045533717,0.0,-0.028999344,-0.30561018,0.4111653,1.0
3632558472,-0.7747109,-0.6299786,0.054311424,0.0,-0.023448348,-0.05721116,-0.99808663,0.0,0.6318805,-0.7745022,0.029550195,0.0,-0.039578736,-0.31733572,0.42748213,1.0
3632910183,-0.78170586,-0.62152356,0.05142066,0.0,-0.03111267,-0.043483496,-0.9985694,0.0,0.62287045,-0.7821875,0.014654279,0.0,-0.046676755,-0.32524538,0.43934086,1.0
3633277540,-0.7946327,-0.6052702,0.046981156,0.0,-0.035669804,-0.030704975,-0.99889195,0.0,0.606042,-0.7954278,0.002809167,0.0,-0.053086102,-0.3325135,0.45151734,1.0
3633639126,-0.8107681,-0.58377326,0.04317063,0.0,-0.035097033,-0.025137901,-0.99906766,0.0,0.5843142,-0.8115274,-0.00010764599,0.0,-0.05753565,-0.33833575,0.4637448,1.0
3634348841,-0.8335502,-0.5515686,0.03108856,0.0,-0.028666794,-0.0130137205,-0.99950445,0.0,0.55169976,-0.8340281,-0.0049642324,0.0,-0.060147747,-0.3432021,0.4844057,1.0
3634720469,-0.8419349,-0.5389481,0.026082277,0.0,-0.026019096,-0.0077302456,-0.9996315,0.0,0.53895116,-0.8423034,-0.007514477,0.0,-0.05994928,-0.3443556,0.49350303,1.0
3635069088,-0.84575534,-0.5330935,0.022585213,0.0,-0.024428844,-0.0035971403,-0.9996953,0.0,0.5330122,-0.84604895,-0.009980917,0.0,-0.058987647,-0.34581825,0.5013218,1.0
3635397500,-0.84674764,-0.53157854,0.021049738,0.0,-0.024122626,-0.0011622906,-0.9997084,0.0,0.53144795,-0.84700835,-0.011839032,0.0,-0.05742541,-0.3478487,0.50809944,1.0
3635746641,-0.85143626,-0.5242048,0.01631096,0.0,-0.020103991,0.0015443563,-0.99979687,0.0,0.524073,-0.851591,-0.011853695,0.0,-0.056181043,-0.3516688,0.51524407,1.0
3636075169,-0.86087394,-0.50872964,0.009475574,0.0,-0.012961671,0.0033096075,-0.9999104,0.0,0.50865275,-0.8609199,-0.009443045,0.0,-0.055856615,-0.35633636,0.5217929,1.0
3636492070,-0.8721522,-0.4891926,0.006392032,0.0,-0.009319767,0.0035498738,-0.99995023,0.0,0.4891456,-0.8721685,-0.0076550245,0.0,-0.05621925,-0.36222768,0.52920955,1.0
3636865813,-0.877923,-0.4787789,0.004661754,0.0,-0.0078508705,0.004659593,-0.9999583,0.0,0.47873724,-0.87792313,-0.007849574,0.0,-0.056415886,-0.36689013,0.53514653,1.0
3637230301,-0.8871081,-0.46155888,0.0017097592,0.0,-0.0056341738,0.0071244836,-0.9999588,0.0,0.46152765,-0.8870811,-0.008920908,0.0,-0.057459205,-0.37135655,0.5405103,1.0
3637580691,-0.89514685,-0.4457662,-0.0021746159,0.0,-0.002621889,0.010143161,-0.9999451,0.0,0.4457638,-0.89509195,-0.010248423,0.0,-0.05809328,-0.37532562,0.5452517,1.0
3638277984,-0.9109155,-0.41250953,-0.008305803,0.0,0.0020728111,0.015555024,-0.99987686,0.0,0.41258794,-0.9108205,-0.013314366,0.0,-0.058425575,-0.38093773,0.5529739,1.0
3638607712,-0.9130366,-0.40779686,-0.0081501305,0.0,0.0020830333,0.015319407,-0.9998806,0.0,0.40787297,-0.91294426,-0.013137937,0.0,-0.056736425,-0.3814248,0.55577385,1.0
3638974452,-0.9147446,-0.4040014,-0.0049319565,0.0,-0.00045104325,0.013228118,-0.9999122,0.0,0.40403128,-0.91466254,-0.012282252,0.0,-0.054132283,-0.38191807,0.55843157,1.0
3639657024,-0.91895175,-0.39436764,-0.0012769252,0.0,-0.004303053,0.013264596,-0.9999027,0.0,0.39434618,-0.918857,-0.013886452,0.0,-0.049370438,-0.3841595,0.56243426,1.0
3640021039,-0.9228945,-0.38505295,0.0008537322,0.0,-0.006842673,0.014183462,-0.99987614,0.0,0.38499308,-0.92278564,-0.015724897,0.0,-0.047869936,-0.3863146,0.5643484,1.0
3640376938,-0.92335427,-0.3839469,0.0012392402,0.0,-0.008286282,0.016700685,-0.9998262,0.0,0.38385946,-0.92320406,-0.018602133,0.0,-0.045934215,-0.38851196,0.5659362,1.0
3640741676,-0.92382467,-0.38281065,0.001899749,0.0,-0.010540828,0.02047664,-0.9997347,0.0,0.38267022,-0.9235998,-0.022951841,0.0,-0.04420933,-0.39098215,0.56695694,1.0
3641086361,-0.9247627,-0.38053858,0.0021359324,0.0,-0.012217194,0.024078548,-0.99963546,0.0,0.3803484,-0.9244516,-0.026916146,0.0,-0.04263611,-0.39355984,0.5675319,1.0
3641445627,-0.9247813,-0.38048953,0.0025140196,0.0,-0.014083773,0.027626693,-0.9995189,0.0,0.3802371,-0.9243722,-0.030907035,0.0,-0.04100457,-0.39627203,0.56755435,1.0
3642178103,-0.93105245,-0.36484587,0.005376771,0.0,-0.018335909,0.032064497,-0.9993176,0.0,0.36442447,-0.9305156,-0.03654349,0.0,-0.03965527,-0.40063313,0.56609815,1.0
3642496653,-0.9324645,-0.3612129,0.0058974177,0.0,-0.018727824,0.032030225,-0.9993113,0.0,0.3607753,-0.9319329,-0.036631584,0.0,-0.038581744,-0.40123144,0.5651476,1.0
3642879510,-0.9315281,-0.36363643,0.004937038,0.0,-0.016752109,0.029344738,-0.99942905,0.0,0.36328393,-0.93107873,-0.03342724,0.0,-0.036562383,-0.40124905,0.56359464,1.0
3643198567,-0.93178177,-0.36291605,0.0086257905,0.0,-0.018510684,0.023768842,-0.99954605,0.0,0.36254632,-0.93151855,-0.02886498,0.0,-0.03522645,-0.40129882,0.56182796,1.0
3644254232,-0.9269867,-0.37378946,0.031255305,0.0,-0.03557089,0.004651189,-0.9993563,0.0,0.3734035,-0.92750186,-0.01760757,0.0,-0.029901817,-0.40369472,0.55480814,1.0
3644598839,-0.9271654,-0.37279934,0.03721553,0.0,-0.040829256,0.0018000007,-0.9991645,0.0,0.37242085,-0.92791027,-0.016890049,0.0,-0.028798565,-0.40575522,0.5528224,1.0
3644939580,-0.9285687,-0.36894357,0.040516227,0.0,-0.044126943,0.0013499856,-0.9990252,0.0,0.36852917,-0.929451,-0.017534256,0.0,-0.027949095,-0.4080982,0.5511632,1.0
3645283322,-0.92953396,-0.3663928,0.04151082,0.0,-0.045151293,0.0013679266,-0.9989793,0.0,0.365962,-0.9304593,-0.017814636,0.0,-0.026921824,-0.41010392,0.5495127,1.0
3645649610,-0.9310267,-0.36254945,0.04179947,0.0,-0.045232058,0.0009807944,-0.998976,0.0,0.3621372,-0.93196404,-0.01731193,0.0,-0.025990367,-0.4125668,0.54828876,1.0
3645988912,-0.9337585,-0.3555744,0.040763706,0.0,-0.0434725,-0.0003721714,-0.9990545,0.0,0.3552534,-0.93464786,-0.015110135,0.0,-0.025321797,-0.41499642,0.5474102,1.0
3646707169,-0.93837094,-0.34281012,0.044058055,0.0,-0.04521343,-0.004625082,-0.9989666,0.0,0.34265965,-0.9393933,-0.01115942,0.0,-0.024139047,-0.4208908,0.5451597,1.0
3647163701,-0.94173944,-0.33278704,0.04877965,0.0,-0.05120799,-0.0014754534,-0.9986869,0.0,0.33242202,-0.9430008,-0.015651822,0.0,-0.024119183,-0.4244775,0.543125,1.0
3647523229,-0.9439378,-0.32677045,0.046930715,0.0,-0.051385015,0.0050070286,-0.9986663,0.0,0.3260997,-0.9450904,-0.021517396,0.0,-0.02380623,-0.42715725,0.5416434,1.0
3647893191,-0.9460583,-0.32097393,0.04415223,0.0,-0.050445408,0.011312783,-0.99866277,0.0,0.32004523,-0.9470205,-0.026894212,0.0,-0.023601905,-0.4304235,0.5402957,1.0
3648246896,-0.9494865,-0.31094253,0.04230617,0.0,-0.050025657,0.016889155,-0.998605,0.0,0.3097943,-0.9502785,-0.03159094,0.0,-0.023896128,-0.4341453,0.53909135,1.0
3648613856,-0.9530325,-0.30017918,0.040271237,0.0,-0.04895337,0.021455348,-0.9985707,0.0,0.29888612,-0.95364153,-0.03514254,0.0,-0.024099126,-0.43836337,0.5379171,1.0
3648960061,-0.9555547,-0.2919773,0.04080364,0.0,-0.050188363,0.024720967,-0.9984338,0.0,0.29051128,-0.9561058,-0.038276315,0.0,-0.023881555,-0.4422695,0.5366197,1.0
3649413722,-0.9578459,-0.28400806,0.043245852,0.0,-0.05328855,0.027726352,-0.9981941,0.0,0.28229615,-0.9584209,-0.04169178,0.0,-0.023034438,-0.4478511,0.53479517,1.0
3649767371,-0.9605663,-0.27396315,0.047508366,0.0,-0.058129705,0.030777514,-0.9978346,0.0,0.2719077,-0.96124774,-0.04548943,0.0,-0.022418514,-0.4524283,0.53335094,1.0
3650138727,-0.96244454,-0.26692635,0.049507335,0.0,-0.060942426,0.03472227,-0.99753714,0.0,0.2645499,-0.96309125,-0.04968536,0.0,-0.021096423,-0.4571474,0.5321119,1.0
3650499932,-0.9652159,-0.25694823,0.04833352,0.0,-0.060216963,0.038578153,-0.9974396,0.0,0.2544257,-0.96565497,-0.052708983,0.0,-0.019701436,-0.46195987,0.531307,1.0
3650829774,-0.9674741,-0.24859166,0.046860904,0.0,-0.058868192,0.041085303,-0.9974199,0.0,0.246025,-0.96773654,-0.05438304,0.0,-0.017949536,-0.4665004,0.53081256,1.0
3651160971,-0.96896553,-0.24288094,0.04598759,0.0,-0.058207445,0.04337406,-0.9973618,0.0,0.2402455,-0.96908593,-0.056165457,0.0,-0.01589194,-0.47111133,0.5302486,1.0
3651490476,-0.97123337,-0.23366824,0.045884706,0.0,-0.058131255,0.045791686,-0.9972583,0.0,0.23092642,-0.97123766,-0.058058143,0.0,-0.014261812,-0.47582448,0.52962786,1.0
3651843361,-0.9738138,-0.22274119,0.045535572,0.0,-0.05768194,0.04832959,-0.99716455,0.0,0.2199089,-0.973679,-0.059912324,0.0,-0.012598127,-0.4805709,0.529034,1.0
3652194098,-0.97531676,-0.21641098,0.043857425,0.0,-0.05582665,0.049505413,-0.9972124,0.0,0.21363655,-0.9750464,-0.060364842,0.0,-0.010691136,-0.48477978,0.5286027,1.0
3652543929,-0.97696066,-0.20918483,0.042296693,0.0,-0.053762637,0.049431324,-0.9973294,0.0,0.20653543,-0.97662586,-0.059538603,0.0,-0.009200931,-0.48857093,0.5281516,1.0
3652909849,-0.97895753,-0.19965506,0.0421952,0.0,-0.052854978,0.04836327,-0.99743044,0.0,0.19710132,-0.978672,-0.05789852,0.0,-0.008292422,-0.49186584,0.5276064,1.0
3653235918,-0.98010314,-0.19395949,0.042156175,0.0,-0.05220689,0.04700017,-0.99752957,0.0,0.191499,-0.9798829,-0.05619085,0.0,-0.007549718,-0.49410096,0.52711666,1.0
3653601780,-0.9807837,-0.19045442,0.04232797,0.0,-0.05211047,0.046650052,-0.9975514,0.0,0.1880134,-0.9805873,-0.055678844,0.0,-0.0068704933,-0.49579474,0.5264598,1.0
3653973906,-0.98132026,-0.1877957,0.04174933,0.0,-0.05160465,0.047897756,-0.99751824,0.0,0.18532996,-0.98103946,-0.05669403,0.0,-0.0064213425,-0.49666402,0.5257007,1.0
3654324000,-0.9813845,-0.18781786,0.04012095,0.0,-0.050231487,0.049383283,-0.9975161,0.0,0.18537,-0.98096174,-0.05789864,0.0,-0.0059934855,-0.49689448,0.5250676,1.0
3655016134,-0.9807893,-0.19085765,0.040314615,0.0,-0.05078134,0.050269186,-0.9974438,0.0,0.18834321,-0.98032963,-0.058995247,0.0,-0.0054425895,-0.4963522,0.52399015,1.0
3655374055,-0.980247,-0.19329199,0.041870177,0.0,-0.052361004,0.049486876,-0.9974011,0.0,0.19071767,-0.97989225,-0.05862999,0.0,-0.005276352,-0.49586964,0.5235715,1.0
3655721319,-0.9800054,-0.19454777,0.041712508,0.0,-0.051994465,0.04804504,-0.9974908,0.0,0.19205558,-0.9797155,-0.05719948,0.0,-0.0053209066,-0.49536836,0.5234748,1.0
3656073859,-0.9798027,-0.19563401,0.0413939,0.0,-0.05139736,0.046334684,-0.9976027,0.0,0.19324708,-0.9795816,-0.055453658,0.0,-0.0055219084,-0.49471313,0.52359664,1.0
3656402472,-0.97942924,-0.19775794,0.040132426,0.0,-0.050101742,0.045666873,-0.9976996,0.0,0.19547027,-0.97918665,-0.054635644,0.0,-0.005629182,-0.4938985,0.5237486,1.0
3656752122,-0.9788624,-0.20106506,0.037435383,0.0,-0.047426574,0.045104623,-0.99785584,0.0,0.19894545,-0.97853893,-0.053687096,0.0,-0.005520165,-0.49306577,0.5240448,1.0
3657101790,-0.9780736,-0.20522791,0.035395145,0.0,-0.045395434,0.04422474,-0.99798954,0.0,0.20325,-0.9777143,-0.05257106,0.0,-0.0051356107,-0.49256974,0.524326,1.0
3657443276,-0.9770999,-0.21006134,0.03392048,0.0,-0.043819457,0.04264915,-0.99812883,0.0,0.20822157,-0.9767577,-0.05087757,0.0,-0.004386574,-0.49272913,0.52468157,1.0
3657816837,-0.9766345,-0.21236056,0.032984562,0.0,-0.042376198,0.03982532,-0.99830765,0.0,0.21068755,-0.97637945,-0.047893763,0.0,-0.0034468025,-0.49388856,0.52524775,1.0
3658179547,-0.97675204,-0.21181163,0.03303536,0.0,-0.04190275,0.037512183,-0.9984172,0.0,0.21023715,-0.97659034,-0.045515656,0.0,-0.0026738346,-0.49576974,0.52600014,1.0
3658540009,-0.97737134,-0.20915858,0.03158553,0.0,-0.04029058,0.037489355,-0.9984844,0.0,0.20765749,-0.9771627,-0.045068026,0.0,-0.002164051,-0.49798405,0.52699375,1.0
3658888546,-0.9790324,-0.20186895,0.02728732,0.0,-0.036017418,0.039699614,-0.99856234,0.0,0.20049542,-0.97860765,-0.04613805,0.0,-0.0017255992,-0.49986213,0.5281904,1.0
3659214255,-0.9801483,-0.19698127,0.022532903,0.0,-0.03134857,0.04175049,-0.9986362,0.0,0.19577184,-0.9795179,-0.04709685,0.0,-0.00080512464,-0.5011818,0.5294923,1.0
3659580699,-0.98072314,-0.19451657,0.018582001,0.0,-0.027337648,0.042424917,-0.99872553,0.0,0.19348034,-0.9799813,-0.04692459,0.0,0.000558123,-0.50245583,0.5310683,1.0
3659902781,-0.98111296,-0.19285731,0.014969543,0.0,-0.023373961,0.04137689,-0.9988703,0.0,0.19202001,-0.98035413,-0.04510355,0.0,0.0017878711,-0.5035623,0.53256714,1.0
3660256280,-0.98183584,-0.18938643,0.011472173,0.0,-0.019292094,0.039498925,-0.9990335,0.0,0.1887502,-0.981108,-0.04243529,0.0,0.0031571537,-0.50469506,0.5342039,1.0
3660596595,-0.9823072,-0.18706161,0.008983918,0.0,-0.016591482,0.039142907,-0.99909586,0.0,0.18654081,-0.98156804,-0.041553974,0.0,0.0043772906,-0.50567406,0.5354129,1.0
3660939255,-0.9831419,-0.18268481,0.007622473,0.0,-0.015211858,0.04017842,-0.99907666,0.0,0.18220988,-0.9823502,-0.04227996,0.0,0.005102426,-0.5065339,0.53630173,1.0
3661280110,-0.9835408,-0.1805669,0.006518893,0.0,-0.014371447,0.042214394,-0.9990051,0.0,0.1801121,-0.98265624,-0.04411435,0.0,0.0058552623,-0.5072845,0.5370351,1.0
3661646681,-0.98377335,-0.1793793,0.0035241395,0.0,-0.011797741,0.04507774,-0.99891365,0.0,0.1790256,-0.9827465,-0.046462297,0.0,0.0066930503,-0.5081015,0.5377854,1.0
3662008830,-0.9845443,-0.1751362,0.0005078316,0.0,-0.008953869,0.04743862,-0.9988341,0.0,0.1749079,-0.98340076,-0.0482738,0.0,0.0071916133,-0.50892025,0.5384941,1.0
3662354265,-0.9847739,-0.17381899,-0.002618812,0.0,-0.005892217,0.04843092,-0.9988091,0.0,0.17373884,-0.98358595,-0.0487175,0.0,0.007805899,-0.5096503,0.5392583,1.0
3662704902,-0.9848354,-0.17340055,-0.005617149,0.0,-0.002767019,0.04807192,-0.99884003,0.0,0.17346945,-0.98367745,-0.047822714,0.0,0.008150101,-0.51024884,0.54000646,1.0
3663067961,-0.9851868,-0.17137912,-0.0059803203,0.0,-0.0023768842,0.048517823,-0.9988194,0.0,0.17146695,-0.9840097,-0.04820633,0.0,0.007931441,-0.51056707,0.5404845,1.0
3663403975,-0.98554325,-0.16927078,-0.007180944,0.0,-0.0013605207,0.050290525,-0.9987336,0.0,0.16941758,-0.98428553,-0.0497936,0.0,0.0075603127,-0.5105255,0.54080456,1.0
3663773590,-0.98592925,-0.16693217,-0.008814476,0.0,0.00015680492,0.051805615,-0.9986573,0.0,0.16716465,-0.98460656,-0.051050782,0.0,0.00724563,-0.51024437,0.54124236,1.0
3664122586,-0.9859849,-0.16644958,-0.011337854,0.0,0.0025647134,0.052828074,-0.9986004,0.0,0.16681555,-0.98463386,-0.051660895,0.0,0.0070450306,-0.5098046,0.5417543,1.0
3664487779,-0.9859364,-0.16660722,-0.013098612,0.0,0.004176289,0.053791046,-0.9985435,0.0,0.16706914,-0.984555,-0.05233884,0.0,0.006646216,-0.5090281,0.5422504,1.0
3664837253,-0.9860127,-0.16612849,-0.013451114,0.0,0.004473962,0.05429375,-0.9985152,0.0,0.1666121,-0.9846085,-0.052791357,0.0,0.0061288327,-0.5079852,0.54278183,1.0
3665185808,-0.9860492,-0.16583976,-0.01429525,0.0,0.0053718835,0.05413139,-0.99851936,0.0,0.16636804,-0.98466593,-0.052485347,0.0,0.0057958066,-0.50667703,0.5435479,1.0
3665536784,-0.98550177,-0.16901019,-0.014904365,0.0,0.0058129355,0.05415988,-0.99851537,0.0,0.1695665,-0.98412514,-0.052392244,0.0,0.0063553452,-0.50533557,0.5444025,1.0
3665899639,-0.9837694,-0.17872596,-0.015963793,0.0,0.005994931,0.056179047,-0.9984028,0.0,0.17933731,-0.9822938,-0.05419588,0.0,0.007616952,-0.50465107,0.54510045,1.0
3666246735,-0.9840249,-0.17717074,-0.017477736,0.0,0.0070121586,0.05952549,-0.99820215,0.0,0.17789258,-0.9823783,-0.057332158,0.0,0.007875234,-0.5047849,0.5456339,1.0
3666599629,-0.9845705,-0.17407641,-0.017864555,0.0,0.0070533454,0.062527776,-0.9980185,0.0,0.17484848,-0.9827452,-0.060335517,0.0,0.007964388,-0.5053179,0.54606116,1.0
3666951028,-0.9849129,-0.17206033,-0.01847411,0.0,0.007465571,0.064409435,-0.9978955,0.0,0.17288816,-0.98297834,-0.062152863,0.0,0.00819543,-0.50576234,0.5466039,1.0
3667305043,-0.98524,-0.17009416,-0.019215316,0.0,0.008189581,0.06528735,-0.9978327,0.0,0.17098008,-0.9832625,-0.062930346,0.0,0.00869596,-0.5059599,0.547189,1.0
3667674144,-0.9843476,-0.17509237,-0.020047247,0.0,0.008708082,0.06529099,-0.9978282,0.0,0.17602102,-0.9823846,-0.06274402,0.0,0.009735137,-0.5059811,0.547647,1.0
3668024213,-0.98428345,-0.17554036,-0.019285478,0.0,0.008018382,0.06466955,-0.9978746,0.0,0.17641443,-0.98234594,-0.062245846,0.0,0.010108992,-0.5060142,0.5478263,1.0
3668373399,-0.9839883,-0.17732257,-0.017989382,0.0,0.006745629,0.06380856,-0.99793935,0.0,0.17810506,-0.982082,-0.061590552,0.0,0.010368288,-0.50609994,0.54783547,1.0
3668735654,-0.9834647,-0.18027952,-0.01721584,0.0,0.006080933,0.062136114,-0.99804914,0.0,0.18099755,-0.9816508,-0.06001234,0.0,0.010499477,-0.5061736,0.54780525,1.0
3669090347,-0.98335445,-0.18102635,-0.015603043,0.0,0.0048846453,0.05950451,-0.99821603,0.0,0.18163186,-0.98167646,-0.057629704,0.0,0.010186911,-0.50621474,0.54767746,1.0
3669417386,-0.9829397,-0.18342727,-0.013518132,0.0,0.0032139048,0.05635774,-0.99840516,0.0,0.18389663,-0.98141617,-0.054806232,0.0,0.009940997,-0.5061471,0.5474482,1.0
3669775342,-0.9821484,-0.18774503,-0.011647604,0.0,0.0017509237,0.052793443,-0.99860376,0.0,0.18809783,-0.9807978,-0.051521897,0.0,0.009970307,-0.5059098,0.54706377,1.0
3670121932,-0.98104656,-0.19356228,-0.009036884,0.0,-0.0007444471,0.050400853,-0.9987289,0.0,0.19377169,-0.9797926,-0.049589872,0.0,0.010220751,-0.50560904,0.5463768,1.0
3670490562,-0.9801254,-0.19831142,-0.005133152,0.0,-0.0046656504,0.048912466,-0.99879205,0.0,0.19832297,-0.9789177,-0.048865438,0.0,0.010212183,-0.50529087,0.54542506,1.0
3670829785,-0.97960424,-0.20093358,-0.0011222586,0.0,-0.008728839,0.04813391,-0.9988027,0.0,0.20074701,-0.9784216,-0.048906088,0.0,0.009986371,-0.5048775,0.5445547,1.0
3671194105,-0.9788208,-0.20471251,0.0017422959,0.0,-0.011686616,0.047377944,-0.99880874,0.0,0.20438609,-0.97767496,-0.04876709,0.0,0.009920508,-0.50415343,0.54384845,1.0
3671531240,-0.97815835,-0.2078434,0.0026733875,0.0,-0.012758262,0.04719621,-0.9988041,0.0,0.20746867,-0.97702277,-0.04881704,0.0,0.010046348,-0.5033517,0.54337037,1.0
3671900959,-0.97712207,-0.21267027,0.0020699054,0.0,-0.01254908,0.04793614,-0.99877167,0.0,0.21230978,-0.9759476,-0.04950857,0.0,0.0104700625,-0.502468,0.54285395,1.0
3672250587,-0.97684896,-0.2139245,0.0016345829,0.0,-0.01259207,0.049868584,-0.9986765,0.0,0.21355982,-0.9755766,-0.051407933,0.0,0.010640904,-0.5017661,0.5421575,1.0
3672617945,-0.97680664,-0.21411285,0.0021499395,0.0,-0.013752066,0.052712142,-0.99851507,0.0,0.21368158,-0.9753856,-0.05443418,0.0,0.0108424425,-0.50106335,0.54126537,1.0
3672959715,-0.9759022,-0.2181713,0.003978282,0.0,-0.016748138,0.056713402,-0.99824995,0.0,0.21756387,-0.9742611,-0.059000492,0.0,0.011302441,-0.50043106,0.54025656,1.0
3673320615,-0.97575855,-0.21876404,0.006213017,0.0,-0.020029612,0.060996354,-0.99793726,0.0,0.21793374,-0.97386974,-0.063899994,0.0,0.011467129,-0.4998688,0.5393062,1.0
3673673662,-0.97510576,-0.22160476,0.0077952445,0.0,-0.022212096,0.06263894,-0.9977892,0.0,0.22062652,-0.9731228,-0.06600225,0.0,0.011805683,-0.49951655,0.53880394,1.0
3674375265,-0.97412324,-0.22583319,0.009124689,0.0,-0.022855476,0.058260918,-0.9980397,0.0,0.22485888,-0.97242224,-0.06191492,0.0,0.012072235,-0.49939603,0.5390902,1.0
3674734024,-0.9736166,-0.22800507,0.009184018,0.0,-0.022163317,0.054430544,-0.9982715,0.0,0.22711109,-0.9721373,-0.05804777,0.0,0.012157187,-0.49921387,0.5394573,1.0
3675078533,-0.97281575,-0.2313876,0.009464443,0.0,-0.021827564,0.050928712,-0.99846387,0.0,0.23055011,-0.9715278,-0.054595113,0.0,0.012337312,-0.49886233,0.53969556,1.0
3675435348,-0.9714813,-0.23682834,0.011679798,0.0,-0.023741439,0.048142016,-0.9985583,0.0,0.23592462,-0.970358,-0.052391768,0.0,0.012430206,-0.49827677,0.5396951,1.0
3675787034,-0.9705093,-0.24065273,0.01407741,0.0,-0.026094541,0.046821892,-0.9985624,0.0,0.23964761,-0.9694813,-0.051720858,0.0,0.012164831,-0.4975958,0.5395952,1.0
3676151092,-0.970086,-0.2423352,0.014397234,0.0,-0.026346207,0.04613918,-0.9985876,0.0,0.24132863,-0.969095,-0.051143765,0.0,0.011658132,-0.4968055,0.5396671,1.0
3676480591,-0.9695847,-0.24437797,0.013585016,0.0,-0.025460415,0.04550135,-0.99863964,0.0,0.24342744,-0.9686118,-0.050339103,0.0,0.011279121,-0.4960007,0.53984076,1.0
3676836268,-0.96906435,-0.24645185,0.013258636,0.0,-0.025056325,0.04479593,-0.99868184,0.0,0.24553308,-0.9681192,-0.049585342,0.0,0.010920957,-0.4951255,0.53998476,1.0
3677195036,-0.9679017,-0.25095856,0.013634175,0.0,-0.025598072,0.04447037,-0.9986826,0.0,0.25002167,-0.9669757,-0.04946685,0.0,0.010776654,-0.49433511,0.54009867,1.0
3677545697,-0.96699095,-0.25445008,0.01354786,0.0,-0.025756098,0.04470855,-0.998668,0.0,0.25350544,-0.9660519,-0.04978645,0.0,0.010576233,-0.49364996,0.5403584,1.0
3677902579,-0.96554637,-0.2599445,0.01219441,0.0,-0.024737753,0.04503721,-0.9986789,0.0,0.25905192,-0.96457267,-0.04991579,0.0,0.010645658,-0.49308586,0.5409027,1.0
3678241619,-0.96422005,-0.2649239,0.00977774,0.0,-0.0226309,0.04550749,-0.9987078,0.0,0.26413655,-0.9631951,-0.04987502,0.0,0.010710582,-0.49271804,0.54154897,1.0
3678606754,-0.9631548,-0.2688611,0.0068237484,0.0,-0.020126097,0.04675144,-0.9987037,0.0,0.26819357,-0.96204364,-0.050439954,0.0,0.010613531,-0.49234033,0.54224825,1.0
3678957516,-0.9626032,-0.2709,0.0029538125,0.0,-0.016807914,0.048835218,-0.9986656,0.0,0.2703942,-0.9613681,-0.05156243,0.0,0.010235071,-0.49178648,0.54289794,1.0
3679319596,-0.9625168,-0.27122158,-0.00010710955,0.0,-0.0145498365,0.052029133,-0.99853957,0.0,0.27083102,-0.96110964,-0.054025054,0.0,0.009774044,-0.490659,0.54323304,1.0
3679660465,-0.9605582,-0.27806675,-0.00266096,0.0,-0.0131336,0.054923058,-0.99840426,0.0,0.27776918,-0.95899034,-0.056408882,0.0,0.009911224,-0.48912677,0.5434259,1.0
3680026022,-0.9593228,-0.2822514,-0.0057885796,0.0,-0.0105317235,0.0562706,-0.99835986,0.0,0.2821142,-0.9576886,-0.056954026,0.0,0.009678751,-0.4872319,0.54363227,1.0
3680374687,-0.9580358,-0.28660315,-0.005078256,0.0,-0.011540547,0.056266487,-0.998349,0.0,0.2864157,-0.95639557,-0.05721271,0.0,0.009342238,-0.48509,0.5436168,1.0
3680735247,-0.95580506,-0.29395497,-0.005220279,0.0,-0.011706874,0.055795193,-0.9983736,0.0,0.29376817,-0.9541894,-0.056770563,0.0,0.009351373,-0.4825572,0.54369754,1.0
3681079071,-0.95371234,-0.30065793,-0.0061447024,0.0,-0.0107717365,0.054574728,-0.99845165,0.0,0.30052775,-0.95216936,-0.055287242,0.0,0.0095829815,-0.48015505,0.54377776,1.0
3681447020,-0.95169187,-0.30700833,-0.005363539,0.0,-0.01176092,0.053901196,-0.99847704,0.0,0.30682987,-0.9501793,-0.054908156,0.0,0.009793907,-0.47772527,0.54352576,1.0
3681792102,-0.9498987,-0.3125222,-0.004711911,0.0,-0.01251635,0.053097486,-0.9985109,0.0,0.312307,-0.94842535,-0.054348826,0.0,0.009976789,-0.47571835,0.54329586,1.0
3682166996,-0.9482949,-0.31736365,-0.00406754,0.0,-0.012920141,0.051404655,-0.9985942,0.0,0.31712663,-0.9469095,-0.05284691,0.0,0.010160342,-0.47400463,0.54311126,1.0
3682517189,-0.9470496,-0.3210642,-0.003906116,0.0,-0.012580514,0.049259305,-0.9987069,0.0,0.32084143,-0.94577557,-0.050690293,0.0,0.010283917,-0.47297502,0.5430552,1.0
3682850548,-0.946826,-0.32171577,-0.004492283,0.0,-0.010946915,0.04616493,-0.998874,0.0,0.32156083,-0.94571036,-0.04723227,0.0,0.010279417,-0.47250476,0.5431804,1.0
3683204939,-0.9462414,-0.3234392,-0.0038095266,0.0,-0.010496974,0.042476356,-0.9990424,0.0,0.32329124,-0.9452952,-0.04358816,0.0,0.0103381425,-0.47238427,0.5432623,1.0
3683564977,-0.9461988,-0.32356164,-0.0039651394,0.0,-0.009695828,0.040597677,-0.9991286,0.0,0.32344064,-0.94533575,-0.041550756,0.0,0.010131627,-0.47227165,0.5431848,1.0
3683904754,-0.9467182,-0.3220203,-0.005304888,0.0,-0.008068353,0.040180206,-0.99915993,0.0,0.3219629,-0.9458798,-0.04063773,0.0,0.009942636,-0.47166884,0.54298335,1.0
3684252851,-0.94629407,-0.32324106,-0.0064902008,0.0,-0.0066043586,0.03939706,-0.9992016,0.0,0.32323873,-0.945496,-0.039415598,0.0,0.010122344,-0.4704545,0.54268986,1.0
3684598048,-0.9451506,-0.32659566,-0.0050953627,0.0,-0.008090556,0.039002597,-0.99920636,0.0,0.3265352,-0.9443591,-0.03950584,0.0,0.0105446875,-0.46878502,0.54207134,1.0
3684950561,-0.9444655,-0.32858723,-0.0038369894,0.0,-0.0099313855,0.040213346,-0.9991416,0.0,0.32845953,-0.943617,-0.041243196,0.0,0.010766774,-0.4667742,0.54123735,1.0
3685302498,-0.9440725,-0.32972682,-0.002550915,0.0,-0.012026116,0.04216242,-0.99903816,0.0,0.3295173,-0.94313425,-0.04376936,0.0,0.0111991465,-0.4644187,0.54026866,1.0
3685652316,-0.9419012,-0.33588973,0.00020976365,0.0,-0.016221374,0.044864178,-0.9988614,0.0,0.33549786,-0.9408322,-0.047706127,0.0,0.012003556,-0.46188882,0.53913367,1.0
3686015622,-0.94154024,-0.3368845,0.0032967627,0.0,-0.02076067,0.048250318,-0.9986195,0.0,0.33626038,-0.94030887,-0.052423596,0.0,0.012569144,-0.4593136,0.5381035,1.0
3686364086,-0.9383948,-0.3455191,0.005622685,0.0,-0.025574774,0.053213775,-0.9982556,0.0,0.34461716,-0.9369017,-0.058772087,0.0,0.013946652,-0.45704538,0.53721845,1.0
3686721096,-0.9374684,-0.3480164,0.006127432,0.0,-0.029161036,0.060985982,-0.9977125,0.0,0.34684664,-0.93550265,-0.06732094,0.0,0.014733836,-0.45554727,0.536514,1.0
3687071859,-0.93791425,-0.34683684,0.0045149773,0.0,-0.030717015,0.070085585,-0.9970678,0.0,0.34550345,-0.9353031,-0.07638776,0.0,0.015505806,-0.45475245,0.53597206,1.0
3687406287,-0.9378679,-0.3469754,0.003477499,0.0,-0.03241381,0.07762706,-0.9964555,0.0,0.34547555,-0.9346562,-0.084050775,0.0,0.016147718,-0.4546887,0.5356412,1.0
3687753136,-0.9404135,-0.34001875,0.0030661821,0.0,-0.03286025,0.08190149,-0.99609846,0.0,0.33844107,-0.93684536,-0.08819425,0.0,0.016260684,-0.45536563,0.53585494,1.0
3688093330,-0.9411776,-0.33790803,0.0015815943,0.0,-0.03149821,0.08307016,-0.9960457,0.0,0.33644044,-0.93750596,-0.08882713,0.0,0.016862944,-0.45624954,0.5365367,1.0
3688434104,-0.9427476,-0.33350503,-0.0007895082,0.0,-0.028213471,0.082112014,-0.9962235,0.0,0.33231044,-0.9391654,-0.08681989,0.0,0.017344728,-0.4572495,0.5374637,1.0
3688785460,-0.9434465,-0.3315228,-0.0009172857,0.0,-0.027281374,0.08039427,-0.99638957,0.0,0.33039963,-0.9400155,-0.084891915,0.0,0.018005162,-0.45813978,0.53821707,1.0
3689136573,-0.9429281,-0.3329959,-0.00076276064,0.0,-0.027666286,0.08062345,-0.9963607,0.0,0.3318455,-0.93947524,-0.085235,0.0,0.018968895,-0.45882818,0.5387355,1.0
3689475483,-0.9440036,-0.32992995,-0.0016784519,0.0,-0.027184412,0.08284873,-0.9961912,0.0,0.32881242,-0.94036275,-0.08717823,0.0,0.01955764,-0.45957303,0.53923833,1.0
3689826644,-0.9443612,-0.32889277,-0.003429085,0.0,-0.026061654,0.085216284,-0.9960217,0.0,0.3278765,-0.94051474,-0.0890466,0.0,0.020643964,-0.4602469,0.53992546,1.0
3690181321,-0.9435816,-0.33107048,-0.006802246,0.0,-0.023292601,0.086849034,-0.99594927,0.0,0.33032012,-0.9396008,-0.089660764,0.0,0.022200659,-0.46101123,0.54097235,1.0
3690524039,-0.9441736,-0.32927626,-0.010621011,0.0,-0.01943037,0.08784002,-0.995945,0.0,0.32887402,-0.9401388,-0.08933401,0.0,0.02346927,-0.4621151,0.54208344,1.0
3690827131,-0.94402146,-0.3296049,-0.013582289,0.0,-0.016606301,0.088602066,-0.9959287,0.0,0.32946637,-0.9399523,-0.08911586,0.0,0.024702415,-0.46304095,0.5428392,1.0
3691157702,-0.94404674,-0.32942307,-0.015997857,0.0,-0.014304742,0.08935797,-0.99589676,0.0,0.3295009,-0.9399443,-0.0890702,0.0,0.025881335,-0.4641044,0.5433517,1.0
3691481807,-0.9435375,-0.33080238,-0.017516285,0.0,-0.013188437,0.090346694,-0.995823,0.0,0.33100316,-0.9393654,-0.08960831,0.0,0.026942179,-0.46524304,0.5434886,1.0
3691826929,-0.94374347,-0.33018523,-0.01806961,0.0,-0.013048187,0.09178448,-0.9956935,0.0,0.3304218,-0.9394432,-0.09092951,0.0,0.027583256,-0.46662652,0.5432409,1.0
3692150977,-0.9440063,-0.32946637,-0.017436087,0.0,-0.0141506195,0.09323156,-0.9955439,0.0,0.32962382,-0.93955296,-0.0926733,0.0,0.027960062,-0.46792805,0.5426902,1.0
3692489059,-0.94424295,-0.32879674,-0.017270878,0.0,-0.014647037,0.09435099,-0.99543136,0.0,0.32892406,-0.93967587,-0.0939064,0.0,0.028287277,-0.46907124,0.54202473,1.0
3692825518,-0.94356036,-0.33076113,-0.017076403,0.0,-0.015140712,0.09458184,-0.9954021,0.0,0.3308554,-0.93896306,-0.09425187,0.0,0.028882265,-0.4696526,0.5412795,1.0
3693151704,-0.94043124,-0.3395771,-0.01663138,0.0,-0.016474426,0.09437603,-0.9954003,0.0,0.33958477,-0.93583155,-0.09434855,0.0,0.030037716,-0.4696358,0.54037344,1.0
3693479714,-0.937587,-0.34736592,-0.016384125,0.0,-0.017774954,0.09492302,-0.9953261,0.0,0.3472975,-0.9329131,-0.09517336,0.0,0.030855432,-0.46983272,0.5391543,1.0
3693818577,-0.9367056,-0.3497266,-0.01654388,0.0,-0.018666774,0.097070515,-0.9951024,0.0,0.3496197,-0.9318093,-0.09745467,0.0,0.031159163,-0.4702199,0.53749186,1.0
3694140701,-0.93337905,-0.35852164,-0.016266018,0.0,-0.02073589,0.099120796,-0.99485904,0.0,0.3582909,-0.92824394,-0.09995103,0.0,0.03224115,-0.47047716,0.5356375,1.0
3694481166,-0.92909074,-0.36956102,-0.014653668,0.0,-0.024256632,0.10042155,-0.9946492,0.0,0.36905515,-0.9237641,-0.102265,0.0,0.033367544,-0.471134,0.5335359,1.0
3694799642,-0.92802405,-0.37233162,-0.011835292,0.0,-0.027532414,0.1002385,-0.99458236,0.0,0.37150085,-0.9226708,-0.10327482,0.0,0.03366323,-0.47244686,0.53173304,1.0
3695131028,-0.9255736,-0.37843794,-0.009926155,0.0,-0.029891685,0.099196315,-0.9946189,0.0,0.37738615,-0.9202962,-0.10312581,0.0,0.03433208,-0.47453907,0.5301182,1.0
3695425903,-0.92485523,-0.38018763,-0.010051772,0.0,-0.029555112,0.09819597,-0.9947284,0.0,0.37917036,-0.9196822,-0.10205388,0.0,0.034920126,-0.477053,0.5289142,1.0
3695736297,-0.92510843,-0.37957275,-0.00993225,0.0,-0.029376999,0.09762925,-0.9947891,0.0,0.3785645,-0.91999614,-0.101468325,0.0,0.035460293,-0.47997856,0.5274411,1.0
3696034808,-0.9246433,-0.38072276,-0.009224758,0.0,-0.0302573,0.09758717,-0.994767,0.0,0.37963063,-0.91952544,-0.101753116,0.0,0.03629476,-0.4828338,0.5256643,1.0
3696352564,-0.924407,-0.3813459,-0.0068436265,0.0,-0.033139735,0.0981822,-0.9946165,0.0,0.37996486,-0.91920376,-0.103397965,0.0,0.03709194,-0.48619533,0.5233955,1.0
3696678464,-0.9270091,-0.37501734,-0.0040111095,0.0,-0.036087513,0.0998404,-0.9943488,0.0,0.37329853,-0.9216257,-0.10608649,0.0,0.03730598,-0.49019647,0.52092135,1.0
3697011345,-0.93010545,-0.36728966,-0.0014654398,0.0,-0.03837709,0.10115063,-0.9941306,0.0,0.36528215,-0.9245901,-0.10817635,0.0,0.037706807,-0.4942849,0.5183987,1.0
3697341743,-0.93045425,-0.36640275,0.0017876923,0.0,-0.04196565,0.10171962,-0.9939274,0.0,0.36399597,-0.9248794,-0.11002147,0.0,0.038714573,-0.49811584,0.5159497,1.0
3697674257,-0.9316287,-0.36338082,0.004646793,0.0,-0.044611454,0.101665616,-0.9938177,0.0,0.36066192,-0.92607677,-0.11092532,0.0,0.039858446,-0.5019451,0.513844,1.0
3697998300,-0.93205523,-0.362262,0.006245628,0.0,-0.04607387,0.10140914,-0.9937772,0.0,0.3593744,-0.9265432,-0.11120951,0.0,0.04128264,-0.50567114,0.51205087,1.0
3698330801,-0.93213165,-0.36202985,0.008071452,0.0,-0.048045292,0.10155004,-0.9936697,0.0,0.35891837,-0.92661864,-0.112051964,0.0,0.04275766,-0.5095446,0.51022035,1.0
3698655597,-0.9324386,-0.36119553,0.009804457,0.0,-0.050120354,0.10241997,-0.9934778,0.0,0.35783556,-0.9268484,-0.11360359,0.0,0.044165373,-0.51328814,0.5084105,1.0
3698991747,-0.9328482,-0.3601094,0.010736883,0.0,-0.05167529,0.1042496,-0.9932077,0.0,0.35654414,-0.9270669,-0.11585772,0.0,0.04571101,-0.517225,0.50652456,1.0
3699318626,-0.9336028,-0.3581139,0.011863306,0.0,-0.05312437,0.10560012,-0.9929887,0.0,0.35435027,-0.92768705,-0.117613316,0.0,0.047170654,-0.5210828,0.5047823,1.0
3699663891,-0.93407774,-0.35686424,0.01212281,0.0,-0.053088635,0.105223596,-0.99303055,0.0,0.35310146,-0.9282112,-0.11723256,0.0,0.04892935,-0.5250452,0.5032715,1.0
3699974574,-0.93449354,-0.35577607,0.012070477,0.0,-0.05207376,0.103078425,-0.9933093,0.0,0.35215145,-0.9288694,-0.114852905,0.0,0.050607935,-0.5284977,0.5021605,1.0
3700306794,-0.9340234,-0.3570183,0.011761889,0.0,-0.0505832,0.09959602,-0.99374145,0.0,0.35361242,-0.9287726,-0.11108422,0.0,0.05262336,-0.53189623,0.501047,1.0
3700634669,-0.9329797,-0.35975766,0.011109471,0.0,-0.04857509,0.095269084,-0.99426574,0.0,0.3566363,-0.9281693,-0.10635948,0.0,0.054814428,-0.5349477,0.5001054,1.0
3700985868,-0.93149614,-0.36360756,0.0102143735,0.0,-0.046253502,0.090546906,-0.99481744,0.0,0.3607983,-0.92714113,-0.101162195,0.0,0.057192624,-0.53782684,0.49910057,1.0
3701297077,-0.9294903,-0.36873978,0.0088927895,0.0,-0.043336257,0.08523232,-0.9954183,0.0,0.3662923,-0.92561686,-0.095202565,0.0,0.059472904,-0.54005605,0.49849954,1.0
3701963032,-0.9249705,-0.37993446,0.008948639,0.0,-0.040245593,0.07451141,-0.9964079,0.0,0.37790287,-0.92200774,-0.08421183,0.0,0.06392129,-0.54416966,0.49771607,1.0
3702287914,-0.92347753,-0.383568,0.008017406,0.0,-0.038325056,0.071438074,-0.99670833,0.0,0.38173276,-0.9207453,-0.08067143,0.0,0.06580669,-0.5460651,0.4975543,1.0
3702620729,-0.9232389,-0.3841809,0.0058598816,0.0,-0.035562098,0.07025522,-0.99689484,0.0,0.38257632,-0.92058074,-0.07852435,0.0,0.06743123,-0.5480295,0.4974603,1.0
3703025039,-0.92324066,-0.38422024,0.0014438927,0.0,-0.030690715,0.06999934,-0.99707496,0.0,0.38299522,-0.9205842,-0.07641852,0.0,0.069172576,-0.55021447,0.497451,1.0
3703305690,-0.9236667,-0.38319337,-0.0019175112,0.0,-0.026615664,0.06914556,-0.99725175,0.0,0.38227272,-0.92107666,-0.07406688,0.0,0.07017477,-0.5517012,0.49758306,1.0
3703607496,-0.9244957,-0.3811621,-0.004856214,0.0,-0.022680804,0.0677194,-0.99744666,0.0,0.38051766,-0.92202485,-0.07125163,0.0,0.07103893,-0.55322796,0.49767128,1.0
3703938729,-0.92456675,-0.3809561,-0.0069717914,0.0,-0.01984489,0.0664196,-0.9975944,0.0,0.38050276,-0.9222043,-0.06896925,0.0,0.07192315,-0.554607,0.4974418,1.0
3704268610,-0.9243071,-0.38156635,-0.007998079,0.0,-0.018592417,0.065950096,-0.9976498,0.0,0.381197,-0.92198586,-0.06805265,0.0,0.07262875,-0.55569655,0.49698192,1.0
3704600607,-0.9242952,-0.38157785,-0.008784145,0.0,-0.017752424,0.065968335,-0.99766386,0.0,0.3812659,-0.9219798,-0.06774831,0.0,0.07322472,-0.5566508,0.4965926,1.0
3704923402,-0.9239497,-0.38239202,-0.009644076,0.0,-0.01691717,0.066037714,-0.99767363,0.0,0.38213933,-0.9216373,-0.06748438,0.0,0.07398644,-0.557596,0.4963894,1.0
3705255147,-0.92323685,-0.38408756,-0.010552511,0.0,-0.015981376,0.06582558,-0.9977034,0.0,0.3839,-0.9209474,-0.06691122,0.0,0.07447468,-0.5583598,0.49616078,1.0
3705593815,-0.92253065,-0.38574997,-0.011592194,0.0,-0.014655799,0.06503385,-0.9977755,0.0,0.3856457,-0.92030853,-0.06564927,0.0,0.07493536,-0.5589383,0.49614173,1.0
3706246756,-0.9211292,-0.38900554,-0.013995662,0.0,-0.011218533,0.0624699,-0.9979838,0.0,0.38909554,-0.91911495,-0.061906934,0.0,0.07539588,-0.5597114,0.4964692,1.0
3706578357,-0.92114675,-0.38892293,-0.015062988,0.0,-0.009423867,0.060976386,-0.9980945,0.0,0.38910043,-0.91924995,-0.05983305,0.0,0.07528664,-0.55994385,0.4967773,1.0
3706903499,-0.9214834,-0.38808644,-0.016039759,0.0,-0.007982552,0.060208082,-0.9981539,0.0,0.38833573,-0.91965425,-0.05857861,0.0,0.07512076,-0.56009686,0.49712953,1.0
3707590203,-0.9190688,-0.3935991,-0.019794047,0.0,-0.0047831535,0.06136346,-0.9981039,0.0,0.39406747,-0.91723174,-0.058279753,0.0,0.076069444,-0.5600559,0.4982591,1.0
3708246446,-0.9160739,-0.40016174,-0.026063234,0.0,0.00078831613,0.06319684,-0.9980008,0.0,0.4010088,-0.91426295,-0.05757761,0.0,0.0785255,-0.56193024,0.5002228,1.0
3708883462,-0.9183104,-0.39432716,-0.034823388,0.0,0.009787753,0.06532407,-0.99781626,0.0,0.39574078,-0.9166456,-0.056128502,0.0,0.08087957,-0.5661571,0.50267285,1.0
3709223351,-0.91946983,-0.39127618,-0.03844343,0.0,0.013745084,0.06572974,-0.9977427,0.0,0.3929199,-0.9179229,-0.05505836,0.0,0.08220236,-0.5685015,0.5038531,1.0
3709550702,-0.92112136,-0.3871091,-0.04101193,0.0,0.016351819,0.06678438,-0.99763334,0.0,0.38893193,-0.91961205,-0.05518651,0.0,0.08319542,-0.57041866,0.5047261,1.0
3709883728,-0.92218614,-0.38432512,-0.043202057,0.0,0.018242657,0.06835544,-0.9974941,0.0,0.38631517,-0.9206636,-0.056025147,0.0,0.08418937,-0.57171077,0.50532746,1.0
3710539622,-0.9207816,-0.3874377,-0.045313343,0.0,0.01950197,0.070296586,-0.99733555,0.0,0.38959074,-0.91921186,-0.05717206,0.0,0.08698836,-0.57301486,0.50593525,1.0
3710864869,-0.9192729,-0.39102063,-0.045164347,0.0,0.019296855,0.06983411,-0.9973719,0.0,0.39314702,-0.91772866,-0.056650996,0.0,0.088653594,-0.5737953,0.5061223,1.0
3711541545,-0.919894,-0.38982117,-0.042827502,0.0,0.018008158,0.06710374,-0.9975834,0.0,0.39175308,-0.91844237,-0.054708123,0.0,0.09166971,-0.57674396,0.5063707,1.0
3711876676,-0.92157555,-0.3860131,-0.041145593,0.0,0.017160535,0.06537789,-0.9977131,0.0,0.3878203,-0.92017376,-0.053626657,0.0,0.09311106,-0.5787294,0.5063538,1.0
3712201336,-0.92351127,-0.38159338,-0.038900167,0.0,0.01591608,0.06320554,-0.99787354,0.0,0.38324067,-0.9221667,-0.052297354,0.0,0.09447286,-0.58080006,0.50623477,1.0
3712523526,-0.92469406,-0.37895906,-0.03647621,0.0,0.014533043,0.06060475,-0.99805593,0.0,0.38043302,-0.92342675,-0.050533295,0.0,0.0958404,-0.5827389,0.5061077,1.0
3712855811,-0.9264643,-0.3748888,-0.03350559,0.0,0.012933642,0.057257533,-0.9982758,0.0,0.37616083,-0.92530006,-0.04819858,0.0,0.09711551,-0.58452904,0.5060721,1.0
3713189634,-0.92690086,-0.374085,-0.030254036,0.0,0.011075571,0.053311884,-0.9985165,0.0,0.37514293,-0.9258608,-0.045271635,0.0,0.098570175,-0.5861723,0.50608206,1.0
3713512711,-0.9273609,-0.3732269,-0.026520088,0.0,0.008771211,0.049173594,-0.9987517,0.0,0.3740651,-0.926436,-0.042328,0.0,0.09987541,-0.5879123,0.50631106,1.0
3713842077,-0.9283676,-0.37089258,-0.023925915,0.0,0.0075801015,0.0454669,-0.9989372,0.0,0.3715862,-0.9275622,-0.03939867,0.0,0.10096798,-0.58998644,0.5067306,1.0
3714188429,-0.9304818,-0.36568946,-0.021785334,0.0,0.0063318014,0.043405056,-0.9990374,0.0,0.36628306,-0.9297242,-0.03807199,0.0,0.101575315,-0.5921496,0.50707644,1.0
