timestamp,pose 00,pose 01,pose 02,pose 03,pose 10,pose 11,pose 12,pose 13,pose 20,pose 21,pose 22,pose 23,pose 30,pose 31,pose 32,pose 33
1880395953,-0.037159204,-0.965156,0.25902313,0.0,-0.9990086,0.042236507,0.0140619725,0.0,-0.024512231,-0.2582438,-0.9657686,0.0,-0.05479662,0.51088035,0.28641832,1.0
1881385654,0.0042800903,-0.97237754,0.2333746,0.0,-0.99927413,0.0046755075,0.037807852,0.0,-0.03785465,-0.233367,-0.9716517,0.0,-0.09552786,0.51245856,0.36164775,1.0
1882046088,0.04149735,-0.9741821,0.22191754,0.0,-0.99748015,-0.02760148,0.065358005,0.0,-0.057545356,-0.22407052,-0.97287273,0.0,-0.12174533,0.51349735,0.4069119,1.0
1882380645,0.062437773,-0.9728639,0.2227947,0.0,-0.99539876,-0.044443846,0.08488881,0.0,-0.07268341,-0.22706982,-0.97116256,0.0,-0.13386779,0.5142798,0.42780882,1.0
1882709271,0.07689828,-0.97080123,0.22722524,0.0,-0.99290454,-0.053831458,0.10602976,0.0,-0.090701915,-0.23376653,-0.9680525,0.0,-0.14461952,0.5153688,0.4471047,1.0
1883039046,0.08628458,-0.9688492,0.23213454,0.0,-0.9898919,-0.057048082,0.12984508,0.0,-0.112557456,-0.24099171,-0.9639783,0.0,-0.1546534,0.517149,0.46528858,1.0
1883369602,0.09540272,-0.9672868,0.23506272,0.0,-0.9858297,-0.059078217,0.1570017,0.0,-0.13797858,-0.24671021,-0.95921636,0.0,-0.16418287,0.51947963,0.48234504,1.0
1883701206,0.100902975,-0.96616393,0.23737296,0.0,-0.9811842,-0.057162642,0.18441844,0.0,-0.16460958,-0.25151497,-0.95375264,0.0,-0.17295466,0.52214247,0.49811786,1.0
1884768620,0.1024434,-0.96584225,0.23802087,0.0,-0.9672117,-0.040813684,0.2506702,0.0,-0.23239338,-0.2558961,-0.93835497,0.0,-0.196619,0.52837306,0.53615534,1.0
1885125998,0.105870605,-0.96541655,0.23824908,0.0,-0.9624741,-0.039283037,0.26851583,0.0,-0.24987052,-0.2577365,-0.93334746,0.0,-0.20454587,0.5284718,0.54453886,1.0
1885445515,0.10796261,-0.9650429,0.23882262,0.0,-0.95794195,-0.036736965,0.28460065,0.0,-0.26587823,-0.2595044,-0.92842126,0.0,-0.21225025,0.5283698,0.55019706,1.0
1885754414,0.10765195,-0.9650617,0.23888727,0.0,-0.9534772,-0.032162428,0.29974514,0.0,-0.28158936,-0.2600417,-0.92362666,0.0,-0.22049585,0.5283412,0.55389565,1.0
1886061162,0.10714394,-0.96489674,0.23977962,0.0,-0.94871134,-0.027072549,0.31498203,0.0,-0.2974337,-0.26123002,-0.9183091,0.0,-0.22973517,0.5279922,0.5559519,1.0
1886357996,0.10975146,-0.96348363,0.24424124,0.0,-0.9437118,-0.02386856,0.32990626,0.0,-0.3120296,-0.266701,-0.9118705,0.0,-0.23982625,0.5267974,0.5565219,1.0
1886645062,0.11637634,-0.9600121,0.2546234,0.0,-0.9378177,-0.02179873,0.34644264,0.0,-0.32703865,-0.27910805,-0.90285313,0.0,-0.25094992,0.5242653,0.5560989,1.0
1887039606,0.13585997,-0.9515395,0.2758884,0.0,-0.925382,-0.022420287,0.37837172,0.0,-0.35385016,-0.30670774,-0.88358366,0.0,-0.26922944,0.51849556,0.5546691,1.0
1887341655,0.16500634,-0.94182724,0.2928044,0.0,-0.9073096,-0.028542757,0.41949323,0.0,-0.38673267,-0.3348833,-0.8592386,0.0,-0.28650436,0.51227,0.55445343,1.0
1887622330,0.2047357,-0.92995375,0.30539995,0.0,-0.8759406,-0.034829617,0.48115963,0.0,-0.43681926,-0.36602277,-0.8217151,0.0,-0.3058085,0.50576115,0.5568699,1.0
1887954423,0.2569945,-0.9191123,0.2986411,0.0,-0.8142066,-0.039455414,0.5792331,0.0,-0.5205973,-0.39201528,-0.7584872,0.0,-0.33191806,0.499646,0.5636792,1.0
1888285165,0.30368137,-0.91504383,0.26546675,0.0,-0.7255393,-0.041502237,0.68692833,0.0,-0.61755204,-0.40121394,-0.67650366,0.0,-0.3581444,0.49613068,0.5750016,1.0
1888611234,0.3354137,-0.91614974,0.21947049,0.0,-0.6198629,-0.03919089,0.78373086,0.0,-0.7094135,-0.39891568,-0.5810325,0.0,-0.38196337,0.49458814,0.58794963,1.0
1888940572,0.35421067,-0.9191159,0.17251387,0.0,-0.50473964,-0.032601237,0.862656,0.0,-0.7872566,-0.39263663,-0.47546196,0.0,-0.40329716,0.49495888,0.60102284,1.0
1889270917,0.3549165,-0.92652273,0.12485838,0.0,-0.39085782,-0.025731206,0.92009115,0.0,-0.8492727,-0.3753573,-0.371271,0.0,-0.42294717,0.4977696,0.6122138,1.0
1889606881,0.35058486,-0.93308544,0.08025989,0.0,-0.28231815,-0.023582578,0.95903075,0.0,-0.89296496,-0.3588804,-0.27169454,0.0,-0.44081503,0.50052285,0.621185,1.0
1889945902,0.33897233,-0.93985313,0.04211527,0.0,-0.18365282,-0.022199988,0.9827404,0.0,-0.9226967,-0.34085634,-0.18013191,0.0,-0.45797193,0.5028603,0.6279212,1.0
1890275986,0.33031923,-0.94367605,0.019097537,0.0,-0.10281485,-0.015861273,0.99457407,0.0,-0.9382528,-0.33049047,-0.10226321,0.0,-0.4747995,0.5049882,0.63189834,1.0
1890601184,0.32091403,-0.94708896,0.0060349107,0.0,-0.03788519,-0.0064696074,0.99926096,0.0,-0.94635016,-0.3209054,-0.037956715,0.0,-0.49173543,0.506932,0.63408506,1.0
1890935935,0.30746806,-0.951558,0.0008652508,0.0,0.01597768,0.006071925,0.99985397,0.0,-0.95142424,-0.30740932,0.017070651,0.0,-0.5099553,0.50885767,0.63529104,1.0
1891289909,0.29547358,-0.95535034,0.0009852052,0.0,0.06199664,0.02020365,0.99787176,0.0,-0.95333713,-0.2947836,0.06519824,0.0,-0.5304452,0.51123965,0.6366084,1.0
1891770384,0.28585982,-0.95826256,0.0041479766,0.0,0.11110154,0.037441492,0.9931036,0.0,-0.95180917,-0.28342763,0.11716735,0.0,-0.5591502,0.51443624,0.6402584,1.0
1892097856,0.28131318,-0.95961463,0.0015826821,0.0,0.1389668,0.04237032,0.98939013,0.0,-0.9495004,-0.27810848,0.14527392,0.0,-0.5797227,0.5158321,0.6444525,1.0
1892471668,0.27782357,-0.9606098,-0.0065523386,0.0,0.16859877,0.042044163,0.9847877,0.0,-0.9457212,-0.27470195,0.17363846,0.0,-0.60361594,0.51622987,0.65137535,1.0
1892886940,0.28120303,-0.9594211,-0.020884126,0.0,0.1978001,0.03665203,0.979557,0.0,-0.9390421,-0.2795853,0.20008016,0.0,-0.6305215,0.5141788,0.6614848,1.0
1893939021,0.30844378,-0.9481826,-0.07623842,0.0,0.25248694,0.004335046,0.96759063,0.0,-0.917122,-0.3176965,0.24074084,0.0,-0.70204663,0.50054884,0.69773424,1.0
1894309038,0.30423212,-0.94767594,-0.096711725,0.0,0.2642609,-0.013578296,0.9643557,0.0,-0.9152098,-0.31894508,0.24630272,0.0,-0.7276801,0.49531344,0.71331006,1.0
1894653845,0.2956912,-0.94870335,-0.111931115,0.0,0.2704646,-0.029235363,0.9622859,0.0,-0.9161962,-0.3148128,0.24794608,0.0,-0.75167966,0.4908714,0.72882664,1.0
1895020471,0.28144324,-0.95180416,-0.12189585,0.0,0.27127674,-0.04292822,0.9615437,0.0,-0.92043394,-0.30368748,0.24612051,0.0,-0.77754843,0.48713276,0.7465634,1.0
1895359768,0.26819777,-0.95516837,-0.12539312,0.0,0.2656738,-0.0517807,0.9626714,0.0,-0.9260061,-0.2915,0.23987567,0.0,-0.8022723,0.48509,0.76412284,1.0
1895716084,0.25668693,-0.95800006,-0.12785763,0.0,0.25533506,-0.06037271,0.9649658,0.0,-0.9321565,-0.28034064,0.22911417,0.0,-0.82895917,0.48535228,0.78392196,1.0
1896060873,0.24574739,-0.96001184,-0.13410977,0.0,0.2451055,-0.07231438,0.9667957,0.0,-0.9378334,-0.2704585,0.21753317,0.0,-0.85551625,0.48994994,0.80472606,1.0
1896410529,0.23004055,-0.9619132,-0.14766103,0.0,0.23918569,-0.09119177,0.9666818,0.0,-0.94332975,-0.25769418,0.20909846,0.0,-0.88230455,0.4977494,0.8272739,1.0
1896759736,0.21157497,-0.9622582,-0.1711585,0.0,0.24026087,-0.118542194,0.96344304,0.0,-0.94737047,-0.24496308,0.20611244,0.0,-0.90767276,0.5052941,0.84976757,1.0
1897437530,0.16202283,-0.963447,-0.21335065,0.0,0.2598159,-0.16692781,0.95112085,0.0,-0.95196867,-0.20953515,0.22327268,0.0,-0.9533542,0.51514953,0.89002,1.0
1897802997,0.13795567,-0.9655955,-0.22043937,0.0,0.2724448,-0.17698514,0.9457537,0.0,-0.95223004,-0.19052961,0.23865545,0.0,-0.9782907,0.5194309,0.9091705,1.0
1898151145,0.1361165,-0.96533036,-0.22273216,0.0,0.28487238,-0.17719126,0.9420462,0.0,-0.94885194,-0.19167835,0.25087726,0.0,-1.0027189,0.52167016,0.9254473,1.0
1898495660,0.14887857,-0.9634788,-0.2225847,0.0,0.29777575,-0.17096353,0.9392024,0.0,-0.9429554,-0.20610747,0.26144767,0.0,-1.0275946,0.5225871,0.9401878,1.0
1898843829,0.17042279,-0.9603809,-0.22050962,0.0,0.3101401,-0.1601305,0.9371079,0.0,-0.93529093,-0.22809339,0.27056277,0.0,-1.053448,0.52263415,0.9537028,1.0
1899375386,0.20434308,-0.9555299,-0.21261817,0.0,0.32931766,-0.13743818,0.9341631,0.0,-0.92184263,-0.2609087,0.2865883,0.0,-1.0939021,0.5217548,0.97212917,1.0
1899765190,0.21293914,-0.95589983,-0.20226756,0.0,0.3431495,-0.12066305,0.93149805,0.0,-0.9148252,-0.2677604,0.30232286,0.0,-1.1243612,0.5211012,0.98445135,1.0
1900145021,0.21260679,-0.957518,-0.19482765,0.0,0.35662726,-0.10959482,0.92779636,0.0,-0.90973365,-0.26673666,0.3181764,0.0,-1.1550798,0.51907516,0.995438,1.0
1900860911,0.1973033,-0.96306133,-0.18326005,0.0,0.37673876,-0.09809446,0.921111,0.0,-0.90506315,-0.25077942,0.34346813,0.0,-1.2169914,0.5105943,1.0123811,1.0
1901175272,0.1826483,-0.9675242,-0.17474735,0.0,0.38138807,-0.094096065,0.9196136,0.0,-0.90619135,-0.23461246,0.35181564,0.0,-1.2464203,0.5066342,1.0180631,1.0
1901820437,0.14558828,-0.9788436,-0.1437679,0.0,0.38288766,-0.078246236,0.92047524,0.0,-0.9122506,-0.18905738,0.36339533,0.0,-1.310687,0.50082785,1.0257204,1.0
1902737233,0.093805134,-0.9918095,-0.08668578,0.0,0.3813721,-0.04463172,0.92334354,0.0,-0.91964984,-0.11967388,0.37406182,0.0,-1.4102283,0.5057993,1.0323589,1.0
1903045987,0.083171844,-0.9939779,-0.071347296,0.0,0.38104248,-0.03443432,0.9239161,0.0,-0.920809,-0.10403022,0.37588376,0.0,-1.4450886,0.512946,1.0342395,1.0
1903372816,0.069948494,-0.99613327,-0.05315894,0.0,0.37831908,-0.022818327,0.92539406,0.0,-0.9230287,-0.08484101,0.37526,0.0,-1.4818542,0.5228154,1.035871,1.0
1903698259,0.055003524,-0.99808544,-0.028291881,0.0,0.37239283,-0.00578475,0.92805743,0.0,-0.92644405,-0.061582297,0.3713615,0.0,-1.5175825,0.5320659,1.0371021,1.0
1904037537,0.039246082,-0.99922264,0.003717631,0.0,0.36263442,0.017709732,0.9317632,0.0,-0.9311048,-0.035219938,0.3630476,0.0,-1.5542213,0.54042625,1.038745,1.0
1904363881,0.025971532,-0.99906963,0.034426004,0.0,0.35464293,0.041406035,0.9340844,0.0,-0.9346409,-0.012050599,0.35538852,0.0,-1.5893178,0.5468179,1.0416337,1.0
1904695869,0.02645278,-0.99810815,0.055499166,0.0,0.34904268,0.061246574,0.93510306,0.0,-0.93673325,-0.005364299,0.35000265,0.0,-1.6244832,0.5506764,1.0464832,1.0
1905025674,0.034159064,-0.9973061,0.064916015,0.0,0.34588167,0.07273674,0.93545485,0.0,-0.9376564,-0.009501249,0.34743422,0.0,-1.6590333,0.5528162,1.053412,1.0
1905361726,0.05009824,-0.9968657,0.061229676,0.0,0.34465665,0.07479644,0.9357443,0.0,-0.93739116,-0.02577594,0.34732348,0.0,-1.693928,0.5533514,1.0623268,1.0
1905684361,0.07190931,-0.99615574,0.050027072,0.0,0.3420088,0.071742475,0.93695414,0.0,-0.9369413,-0.050265998,0.34585297,0.0,-1.7270403,0.55233216,1.0718813,1.0
1906347060,0.110853076,-0.9935722,0.022927225,0.0,0.32703966,0.05825311,0.94321334,0.0,-0.9384863,-0.097059876,0.33139515,0.0,-1.7941641,0.546883,1.0927931,1.0
1907007076,0.120284915,-0.9927056,0.008181095,0.0,0.30809167,0.045162678,0.9502839,0.0,-0.9437218,-0.11178419,0.31127685,0.0,-1.8586309,0.53803396,1.1155779,1.0
1907332122,0.1187312,-0.99290943,0.005814165,0.0,0.2987993,0.04131311,0.95342124,0.0,-0.9469012,-0.11146352,0.3015858,0.0,-1.8897841,0.53237164,1.1278932,1.0
1907671230,0.11765647,-0.99303484,0.0062211454,0.0,0.28810284,0.040128767,0.95675826,0.0,-0.95034397,-0.110776514,0.29081756,0.0,-1.922091,0.52599514,1.1419785,1.0
1908651649,0.121913016,-0.9925157,0.0070621073,0.0,0.25078127,0.037686765,0.96730995,0.0,-0.96033645,-0.11615667,0.2534988,0.0,-2.0132978,0.51124394,1.1907865,1.0
1908981684,0.12766713,-0.99180275,0.005315304,0.0,0.23757368,0.03578335,0.97071016,0.0,-0.96294326,-0.12266493,0.24019468,0.0,-2.0438335,0.5114788,1.2099239,1.0
1909317328,0.13753319,-0.9904971,-0.000441283,0.0,0.22251418,0.030462563,0.97445345,0.0,-0.9651798,-0.13411784,0.22458923,0.0,-2.07535,0.5151657,1.2302668,1.0
1909644126,0.14186656,-0.9897954,-0.0133681595,0.0,0.20822328,0.01663649,0.9779397,0.0,-0.9677379,-0.14152041,0.20845878,0.0,-2.1061578,0.5199711,1.2504668,1.0
1909974897,0.14127982,-0.98918086,-0.039513826,0.0,0.19895571,-0.010729194,0.9799498,0.0,-0.9697715,-0.1463086,0.19528729,0.0,-2.1367826,0.5232268,1.2709067,1.0
1910303578,0.12563252,-0.9897201,-0.06834206,0.0,0.19330934,-0.043145657,0.9801887,0.0,-0.9730611,-0.13635471,0.18590164,0.0,-2.16752,0.5274505,1.290655,1.0
1910656664,0.10306895,-0.99045706,-0.09149647,0.0,0.18768647,-0.07096827,0.9796618,0.0,-0.9768063,-0.11814538,0.17858076,0.0,-2.2009273,0.53236544,1.3102643,1.0
1911294277,0.08013296,-0.98996997,-0.11635366,0.0,0.1825788,-0.10017681,0.97807443,0.0,-0.97992027,-0.09961966,0.17272007,0.0,-2.262372,0.537955,1.3414106,1.0
1912104621,0.116660714,-0.9855611,-0.12271881,0.0,0.18227774,-0.100217104,0.97812665,0.0,-0.9763019,-0.13647804,0.16795427,0.0,-2.3379347,0.5338909,1.3707048,1.0
1912443939,0.13366342,-0.9840857,-0.117087275,0.0,0.18655339,-0.09105027,0.9782165,0.0,-0.97330976,-0.15259469,0.1714145,0.0,-2.3713758,0.5313624,1.3823173,1.0
1912810544,0.14538729,-0.98313,-0.11098501,0.0,0.19477749,-0.08153975,0.97745204,0.0,-0.9700123,-0.16372633,0.17963696,0.0,-2.4076734,0.52772903,1.3942873,1.0
1913439628,0.16468447,-0.980504,-0.1071963,0.0,0.2151249,-0.070358515,0.9740488,0.0,-0.9626008,-0.18347138,0.1993438,0.0,-2.470043,0.5175355,1.4131343,1.0
1913768033,0.16982555,-0.9800454,-0.10329795,0.0,0.22858399,-0.062787175,0.9714974,0.0,-0.9585973,-0.18859741,0.21335971,0.0,-2.5036802,0.51155096,1.4216777,1.0
1914066501,0.16722357,-0.9812911,-0.09541592,0.0,0.24197692,-0.052969098,0.96883523,0.0,-0.95576334,-0.18510067,0.22859204,0.0,-2.5344784,0.50679183,1.4282655,1.0
1914372154,0.16141832,-0.9833303,-0.08370051,0.0,0.2562192,-0.040147543,0.96578467,0.0,-0.9530456,-0.1773411,0.24546754,0.0,-2.566007,0.50254613,1.4335649,1.0
1914683941,0.15084231,-0.9860705,-0.07008171,0.0,0.2702122,-0.027065635,0.9624202,0.0,-0.95091105,-0.16411057,0.2623657,0.0,-2.598125,0.49911043,1.4374583,1.0
1915013287,0.13316,-0.98944795,-0.05710855,0.0,0.2847165,-0.01700294,0.95846105,0.0,-0.9493183,-0.14388844,0.27944785,0.0,-2.6318614,0.49675366,1.4401392,1.0
1915338836,0.11484963,-0.9924388,-0.04330221,0.0,0.29673472,-0.0073262453,0.954932,0.0,-0.94802856,-0.12252295,0.29364944,0.0,-2.666009,0.4991327,1.4418112,1.0
1915672792,0.10692239,-0.99386096,-0.028423607,0.0,0.3046534,0.005536318,0.9524472,0.0,-0.9464427,-0.110497266,0.30337512,0.0,-2.7011747,0.5041093,1.4421306,1.0
1915997394,0.100690484,-0.9948951,-0.006729275,0.0,0.30836877,0.024777055,0.9509443,0.0,-0.945923,-0.09782627,0.30928928,0.0,-2.7347806,0.5095268,1.4411926,1.0
1916330250,0.08791721,-0.9957881,0.026011795,0.0,0.30604938,0.051852286,0.9506024,0.0,-0.9479474,-0.07561335,0.30931902,0.0,-2.7690382,0.51637125,1.4397124,1.0
1916659133,0.077557445,-0.9950468,0.062183082,0.0,0.2993812,0.08273649,0.9505396,0.0,-0.9509762,-0.05510494,0.3043151,0.0,-2.8076172,0.5264293,1.4423442,1.0
1916995029,0.080438614,-0.99267304,0.090165555,0.0,0.28765944,0.10972881,0.951426,0.0,-0.95434874,-0.05059433,0.29437828,0.0,-2.841111,0.5339372,1.4426185,1.0
1917320455,0.087948084,-0.9911033,0.09989509,0.0,0.27492616,0.120539606,0.95387924,0.0,-0.9574343,-0.056427956,0.28308165,0.0,-2.8722727,0.5389451,1.4442374,1.0
1917704814,0.102917075,-0.99003565,0.096111834,0.0,0.26112938,0.12012756,0.95780003,0.0,-0.95980185,-0.073476344,0.27089053,0.0,-2.906927,0.5425204,1.4478259,1.0
1918555723,0.1116308,-0.98999655,0.086285114,0.0,0.21331736,0.10867596,0.97091967,0.0,-0.9705844,-0.08997828,0.22331518,0.0,-2.97605,0.54494303,1.454736,1.0
1918930660,0.110042095,-0.9905847,0.08144325,0.0,0.18421704,0.10084796,0.9776983,0.0,-0.9767062,-0.09258488,0.19357997,0.0,-3.0043328,0.54336923,1.4570668,1.0
1919253975,0.11135507,-0.99059963,0.07945216,0.0,0.15798882,0.09657884,0.98270655,0.0,-0.98114204,-0.09687683,0.16725814,0.0,-3.0283718,0.54118264,1.4591106,1.0
1919544928,0.11553383,-0.99013823,0.07923612,0.0,0.13544089,0.09472847,0.98624665,0.0,-0.9840263,-0.10321313,0.14504945,0.0,-3.048253,0.5388399,1.4607782,1.0
1919861646,0.12640095,-0.98889387,0.07817826,0.0,0.11228654,0.092567146,0.98935497,0.0,-0.9856037,-0.11627713,0.12273997,0.0,-3.0714421,0.53595674,1.4637779,1.0
1920534339,0.14149022,-0.9869863,0.07640979,0.0,0.06372234,0.08610678,0.99424595,0.0,-0.98788655,-0.1358071,0.0750764,0.0,-3.1209512,0.530916,1.4714352,1.0
1920880327,0.14211607,-0.9868042,0.07759139,0.0,0.035039365,0.08335316,0.9959038,0.0,-0.98922956,-0.1388151,0.0464229,0.0,-3.1466384,0.52887225,1.4754508,1.0
1921230897,0.14625692,-0.9858959,0.08135289,0.0,0.0011124313,0.08240098,0.99659866,0.0,-0.9892461,-0.14566904,0.013148427,0.0,-3.1728172,0.52560884,1.4791667,1.0
1921556076,0.15128207,-0.98455834,0.08808136,0.0,-0.038240552,0.08321124,0.99579775,0.0,-0.98775053,-0.15401447,-0.025061607,0.0,-3.1971283,0.5209638,1.4818294,1.0
1922041963,0.1665287,-0.9800803,0.10821572,0.0,-0.123241365,0.088199556,0.9884494,0.0,-0.9783045,-0.17794174,-0.10609865,0.0,-3.2325869,0.51331943,1.4820755,1.0
1922368198,0.15782046,-0.978903,0.12977499,0.0,-0.20919663,0.095294476,0.9732193,0.0,-0.9650541,-0.18074241,-0.18974376,0.0,-3.2565598,0.51378536,1.4776045,1.0
1922692467,0.14757991,-0.9770384,0.15367487,0.0,-0.31472707,0.10090864,0.943803,0.0,-0.937639,-0.18765193,-0.29260826,0.0,-3.279228,0.5183356,1.4695673,1.0
1923021638,0.13930595,-0.9764931,0.1644836,0.0,-0.42705688,0.09061992,0.8996724,0.0,-0.89342946,-0.1955736,-0.40439427,0.0,-3.3000877,0.52352446,1.4595387,1.0
1923299261,0.13004237,-0.9775301,0.16590276,0.0,-0.5191947,0.075414,0.8513222,0.0,-0.8447045,-0.19684374,-0.49772143,0.0,-3.3156323,0.52791005,1.4508768,1.0
1923799296,0.10008246,-0.9802456,0.17059255,0.0,-0.6791223,0.058005452,0.73172945,0.0,-0.72716993,-0.18908644,-0.6599014,0.0,-3.3365433,0.5342188,1.4308592,1.0
1924084090,0.07512349,-0.9817109,0.17492798,0.0,-0.76216316,0.056591153,0.64490646,0.0,-0.6430112,-0.18177122,-0.74397254,0.0,-3.3445058,0.53631264,1.4185419,1.0
1924400802,0.049970806,-0.98203397,0.18196745,0.0,-0.8421484,0.056517303,0.5362758,0.0,-0.5369254,-0.18004175,-0.8241942,0.0,-3.3497756,0.537026,1.4049284,1.0
1924952482,0.0129772425,-0.9816098,0.1904572,0.0,-0.94188225,0.05194539,0.33190313,0.0,-0.33569273,-0.18369547,-0.9238868,0.0,-3.352316,0.53663194,1.383881,1.0
1925287262,-0.004636407,-0.9809557,0.1941762,0.0,-0.9783293,0.044645548,0.20218427,0.0,-0.20700294,-0.18903087,-0.9599048,0.0,-3.3492422,0.5362549,1.3731984,1.0
1925624547,-0.02397883,-0.98176396,0.18858485,0.0,-0.99656427,0.038432956,0.07336454,0.0,-0.07927452,-0.18617775,-0.9793124,0.0,-3.343369,0.5372927,1.3643599,1.0
1925960874,-0.044604063,-0.9829668,0.17828813,0.0,-0.9979726,0.035732508,-0.052666962,0.0,0.045399204,-0.18027584,-0.9825678,0.0,-3.334736,0.53916276,1.3575195,1.0
1926291528,-0.06539774,-0.984218,0.16443326,0.0,-0.98468995,0.03696847,-0.17035012,0.0,0.16158275,-0.17305626,-0.9715674,0.0,-3.324303,0.5411273,1.3528454,1.0
1926626726,-0.08827686,-0.9849739,0.1484375,0.0,-0.9582876,0.043311,-0.2825051,0.0,0.27183115,-0.16718444,-0.9477116,0.0,-3.3119996,0.54269683,1.3501899,1.0
1926954412,-0.11375201,-0.98453104,0.13326281,0.0,-0.92137396,0.05436212,-0.3848567,0.0,0.37165898,-0.16656314,-0.91330504,0.0,-3.2984354,0.5435455,1.349802,1.0
1927291415,-0.14030969,-0.9834668,0.11448227,0.0,-0.8747769,0.06897545,-0.4795913,0.0,0.46376568,-0.16743778,-0.8699919,0.0,-3.283937,0.54330647,1.3510267,1.0
1927621055,-0.16353428,-0.9820937,0.09353441,0.0,-0.8238853,0.08380556,-0.56052625,0.0,0.5426506,-0.16872685,-0.8228376,0.0,-3.2695029,0.54246336,1.3536468,1.0
1927952398,-0.18367708,-0.9802635,0.07311764,0.0,-0.770043,0.09725547,-0.63053554,0.0,0.6109799,-0.17211868,-0.77270865,0.0,-3.2548923,0.5413875,1.3573076,1.0
1928282744,-0.19756913,-0.9789493,0.051230133,0.0,-0.7161633,0.10845411,-0.6894547,0.0,0.6693851,-0.17290416,-0.7225146,0.0,-3.2402372,0.54061,1.3616377,1.0
1928604780,-0.21190286,-0.9766675,0.034899324,0.0,-0.664392,0.11777717,-0.73804593,0.0,0.7167151,-0.17958078,-0.67384744,0.0,-3.226055,0.53927904,1.3667127,1.0
1928933493,-0.22576046,-0.97397006,0.02034998,0.0,-0.6108426,0.12525547,-0.7817814,0.0,0.7588828,-0.1889261,-0.6232201,0.0,-3.2113862,0.53773344,1.3728878,1.0
1929261045,-0.2385006,-0.97111595,0.007182449,0.0,-0.5579214,0.13096112,-0.81949556,0.0,0.79488456,-0.19945729,-0.5730407,0.0,-3.196792,0.5361878,1.3799217,1.0
1929591062,-0.24966979,-0.96832466,-0.0034683943,0.0,-0.5086168,0.13418663,-0.85047203,0.0,0.8239986,-0.21057326,-0.52600837,0.0,-3.1826215,0.534729,1.3874184,1.0
1929920571,-0.2549286,-0.9668742,-0.012875676,0.0,-0.46555036,0.13439715,-0.8747573,0.0,0.8475107,-0.2170063,-0.48439026,0.0,-3.1692476,0.5336108,1.3949175,1.0
1930254952,-0.25669885,-0.9662949,-0.019483328,0.0,-0.42895973,0.13197267,-0.8936311,0.0,0.86608255,-0.22103664,-0.4483788,0.0,-3.1564846,0.53243816,1.4024618,1.0
1930578282,-0.25679934,-0.96620023,-0.022604614,0.0,-0.40018618,0.12759423,-0.90750784,0.0,0.87971866,-0.22400147,-0.41942596,0.0,-3.144805,0.5313396,1.4098364,1.0
1930904262,0.0,0.0,0.0,0.0,0.0,0.0,0.0,0.0,0.0,0.0,0.0,0.0,0.0,0.0,0.0,0.0
1931232136,0.0,0.0,0.0,0.0,0.0,0.0,0.0,0.0,0.0,0.0,0.0,0.0,0.0,0.0,0.0,0.0
1931556970,0.0,0.0,0.0,0.0,0.0,0.0,0.0,0.0,0.0,0.0,0.0,0.0,0.0,0.0,0.0,0.0
1931885628,0.0,0.0,0.0,0.0,0.0,0.0,0.0,0.0,0.0,0.0,0.0,0.0,0.0,0.0,0.0,0.0
1932213764,0.0,0.0,0.0,0.0,0.0,0.0,0.0,0.0,0.0,0.0,0.0,0.0,0.0,0.0,0.0,0.0
1932542255,0.0,0.0,0.0,0.0,0.0,0.0,0.0,0.0,0.0,0.0,0.0,0.0,0.0,0.0,0.0,0.0
1933049533,0.0,0.0,0.0,0.0,0.0,0.0,0.0,0.0,0.0,0.0,0.0,0.0,0.0,0.0,0.0,0.0
1933224306,0.0,0.0,0.0,0.0,0.0,0.0,0.0,0.0,0.0,0.0,0.0,0.0,0.0,0.0,0.0,0.0
1933539422,0.0,0.0,0.0,0.0,0.0,0.0,0.0,0.0,0.0,0.0,0.0,0.0,0.0,0.0,0.0,0.0
1934200856,0.0,0.0,0.0,0.0,0.0,0.0,0.0,0.0,0.0,0.0,0.0,0.0,0.0,0.0,0.0,0.0
1934531929,0.0,0.0,0.0,0.0,0.0,0.0,0.0,0.0,0.0,0.0,0.0,0.0,0.0,0.0,0.0,0.0
1935053121,0.0,0.0,0.0,0.0,0.0,0.0,0.0,0.0,0.0,0.0,0.0,0.0,0.0,0.0,0.0,0.0
1935413536,0.0,0.0,0.0,0.0,0.0,0.0,0.0,0.0,0.0,0.0,0.0,0.0,0.0,0.0,0.0,0.0
1935703737,0.0,0.0,0.0,0.0,0.0,0.0,0.0,0.0,0.0,0.0,0.0,0.0,0.0,0.0,0.0,0.0
1935990370,0.0,0.0,0.0,0.0,0.0,0.0,0.0,0.0,0.0,0.0,0.0,0.0,0.0,0.0,0.0,0.0
1936245350,0.0,0.0,0.0,0.0,0.0,0.0,0.0,0.0,0.0,0.0,0.0,0.0,0.0,0.0,0.0,0.0
1936571657,0.0,0.0,0.0,0.0,0.0,0.0,0.0,0.0,0.0,0.0,0.0,0.0,0.0,0.0,0.0,0.0
1936898268,0.0,0.0,0.0,0.0,0.0,0.0,0.0,0.0,0.0,0.0,0.0,0.0,0.0,0.0,0.0,0.0
1937249385,0.0,0.0,0.0,0.0,0.0,0.0,0.0,0.0,0.0,0.0,0.0,0.0,0.0,0.0,0.0,0.0
1937559824,0.0,0.0,0.0,0.0,0.0,0.0,0.0,0.0,0.0,0.0,0.0,0.0,0.0,0.0,0.0,0.0
1938220144,0.0,0.0,0.0,0.0,0.0,0.0,0.0,0.0,0.0,0.0,0.0,0.0,0.0,0.0,0.0,0.0
1938882689,0.0,0.0,0.0,0.0,0.0,0.0,0.0,0.0,0.0,0.0,0.0,0.0,0.0,0.0,0.0,0.0
1939540657,0.0,0.0,0.0,0.0,0.0,0.0,0.0,0.0,0.0,0.0,0.0,0.0,0.0,0.0,0.0,0.0
1939870314,0.0,0.0,0.0,0.0,0.0,0.0,0.0,0.0,0.0,0.0,0.0,0.0,0.0,0.0,0.0,0.0
1940229157,0.0,0.0,0.0,0.0,0.0,0.0,0.0,0.0,0.0,0.0,0.0,0.0,0.0,0.0,0.0,0.0
1940529723,0.0,0.0,0.0,0.0,0.0,0.0,0.0,0.0,0.0,0.0,0.0,0.0,0.0,0.0,0.0,0.0
1940858848,0.0,0.0,0.0,0.0,0.0,0.0,0.0,0.0,0.0,0.0,0.0,0.0,0.0,0.0,0.0,0.0
1941194271,0.0,0.0,0.0,0.0,0.0,0.0,0.0,0.0,0.0,0.0,0.0,0.0,0.0,0.0,0.0,0.0
1941524176,0.0,0.0,0.0,0.0,0.0,0.0,0.0,0.0,0.0,0.0,0.0,0.0,0.0,0.0,0.0,0.0
1941857215,0.0,0.0,0.0,0.0,0.0,0.0,0.0,0.0,0.0,0.0,0.0,0.0,0.0,0.0,0.0,0.0
1942176464,0.0,0.0,0.0,0.0,0.0,0.0,0.0,0.0,0.0,0.0,0.0,0.0,0.0,0.0,0.0,0.0
1942505885,0.0,0.0,0.0,0.0,0.0,0.0,0.0,0.0,0.0,0.0,0.0,0.0,0.0,0.0,0.0,0.0
1942839815,0.0,0.0,0.0,0.0,0.0,0.0,0.0,0.0,0.0,0.0,0.0,0.0,0.0,0.0,0.0,0.0
1943178333,0.0,0.0,0.0,0.0,0.0,0.0,0.0,0.0,0.0,0.0,0.0,0.0,0.0,0.0,0.0,0.0
1943507290,0.0,0.0,0.0,0.0,0.0,0.0,0.0,0.0,0.0,0.0,0.0,0.0,0.0,0.0,0.0,0.0
1943843847,0.0,0.0,0.0,0.0,0.0,0.0,0.0,0.0,0.0,0.0,0.0,0.0,0.0,0.0,0.0,0.0
1944164634,0.0,0.0,0.0,0.0,0.0,0.0,0.0,0.0,0.0,0.0,0.0,0.0,0.0,0.0,0.0,0.0
1944491252,0.0,0.0,0.0,0.0,0.0,0.0,0.0,0.0,0.0,0.0,0.0,0.0,0.0,0.0,0.0,0.0
1944822254,0.0,0.0,0.0,0.0,0.0,0.0,0.0,0.0,0.0,0.0,0.0,0.0,0.0,0.0,0.0,0.0
1945158279,0.0,0.0,0.0,0.0,0.0,0.0,0.0,0.0,0.0,0.0,0.0,0.0,0.0,0.0,0.0,0.0
1945488370,0.0,0.0,0.0,0.0,0.0,0.0,0.0,0.0,0.0,0.0,0.0,0.0,0.0,0.0,0.0,0.0
1945812565,0.0,0.0,0.0,0.0,0.0,0.0,0.0,0.0,0.0,0.0,0.0,0.0,0.0,0.0,0.0,0.0
1946140568,0.0,0.0,0.0,0.0,0.0,0.0,0.0,0.0,0.0,0.0,0.0,0.0,0.0,0.0,0.0,0.0
1946473952,0.0,0.0,0.0,0.0,0.0,0.0,0.0,0.0,0.0,0.0,0.0,0.0,0.0,0.0,0.0,0.0
1946805306,0.0,0.0,0.0,0.0,0.0,0.0,0.0,0.0,0.0,0.0,0.0,0.0,0.0,0.0,0.0,0.0
1947136543,0.0,0.0,0.0,0.0,0.0,0.0,0.0,0.0,0.0,0.0,0.0,0.0,0.0,0.0,0.0,0.0
1947467482,0.0,0.0,0.0,0.0,0.0,0.0,0.0,0.0,0.0,0.0,0.0,0.0,0.0,0.0,0.0,0.0
1947798603,0.0,0.0,0.0,0.0,0.0,0.0,0.0,0.0,0.0,0.0,0.0,0.0,0.0,0.0,0.0,0.0
1948124686,0.0,0.0,0.0,0.0,0.0,0.0,0.0,0.0,0.0,0.0,0.0,0.0,0.0,0.0,0.0,0.0
1948450562,0.0,0.0,0.0,0.0,0.0,0.0,0.0,0.0,0.0,0.0,0.0,0.0,0.0,0.0,0.0,0.0
1948784124,0.0,0.0,0.0,0.0,0.0,0.0,0.0,0.0,0.0,0.0,0.0,0.0,0.0,0.0,0.0,0.0
1949114290,0.0,0.0,0.0,0.0,0.0,0.0,0.0,0.0,0.0,0.0,0.0,0.0,0.0,0.0,0.0,0.0
1949444362,0.0,0.0,0.0,0.0,0.0,0.0,0.0,0.0,0.0,0.0,0.0,0.0,0.0,0.0,0.0,0.0
1949774647,0.0,0.0,0.0,0.0,0.0,0.0,0.0,0.0,0.0,0.0,0.0,0.0,0.0,0.0,0.0,0.0
1950105281,0.0,0.0,0.0,0.0,0.0,0.0,0.0,0.0,0.0,0.0,0.0,0.0,0.0,0.0,0.0,0.0
1950432059,0.0,0.0,0.0,0.0,0.0,0.0,0.0,0.0,0.0,0.0,0.0,0.0,0.0,0.0,0.0,0.0
1950764405,0.0,0.0,0.0,0.0,0.0,0.0,0.0,0.0,0.0,0.0,0.0,0.0,0.0,0.0,0.0,0.0
1951095406,0.0,0.0,0.0,0.0,0.0,0.0,0.0,0.0,0.0,0.0,0.0,0.0,0.0,0.0,0.0,0.0
1951426314,0.0,0.0,0.0,0.0,0.0,0.0,0.0,0.0,0.0,0.0,0.0,0.0,0.0,0.0,0.0,0.0
1951760485,0.0,0.0,0.0,0.0,0.0,0.0,0.0,0.0,0.0,0.0,0.0,0.0,0.0,0.0,0.0,0.0
1952095542,0.0,0.0,0.0,0.0,0.0,0.0,0.0,0.0,0.0,0.0,0.0,0.0,0.0,0.0,0.0,0.0
1952415174,0.0,0.0,0.0,0.0,0.0,0.0,0.0,0.0,0.0,0.0,0.0,0.0,0.0,0.0,0.0,0.0
1952746819,0.0,0.0,0.0,0.0,0.0,0.0,0.0,0.0,0.0,0.0,0.0,0.0,0.0,0.0,0.0,0.0
1953077462,0.0,0.0,0.0,0.0,0.0,0.0,0.0,0.0,0.0,0.0,0.0,0.0,0.0,0.0,0.0,0.0
1953407203,0.0,0.0,0.0,0.0,0.0,0.0,0.0,0.0,0.0,0.0,0.0,0.0,0.0,0.0,0.0,0.0
1953763842,0.0,0.0,0.0,0.0,0.0,0.0,0.0,0.0,0.0,0.0,0.0,0.0,0.0,0.0,0.0,0.0
1954096967,0.0,0.0,0.0,0.0,0.0,0.0,0.0,0.0,0.0,0.0,0.0,0.0,0.0,0.0,0.0,0.0
1954467213,0.0,0.0,0.0,0.0,0.0,0.0,0.0,0.0,0.0,0.0,0.0,0.0,0.0,0.0,0.0,0.0
1954812695,0.0,0.0,0.0,0.0,0.0,0.0,0.0,0.0,0.0,0.0,0.0,0.0,0.0,0.0,0.0,0.0
1955123162,0.0,0.0,0.0,0.0,0.0,0.0,0.0,0.0,0.0,0.0,0.0,0.0,0.0,0.0,0.0,0.0
1955440357,0.0,0.0,0.0,0.0,0.0,0.0,0.0,0.0,0.0,0.0,0.0,0.0,0.0,0.0,0.0,0.0
1955723821,0.0,0.0,0.0,0.0,0.0,0.0,0.0,0.0,0.0,0.0,0.0,0.0,0.0,0.0,0.0,0.0
1956046735,0.0,0.0,0.0,0.0,0.0,0.0,0.0,0.0,0.0,0.0,0.0,0.0,0.0,0.0,0.0,0.0
1956374177,0.0,0.0,0.0,0.0,0.0,0.0,0.0,0.0,0.0,0.0,0.0,0.0,0.0,0.0,0.0,0.0
1956705257,0.0,0.0,0.0,0.0,0.0,0.0,0.0,0.0,0.0,0.0,0.0,0.0,0.0,0.0,0.0,0.0
1957040382,0.0,0.0,0.0,0.0,0.0,0.0,0.0,0.0,0.0,0.0,0.0,0.0,0.0,0.0,0.0,0.0
1957368719,0.0,0.0,0.0,0.0,0.0,0.0,0.0,0.0,0.0,0.0,0.0,0.0,0.0,0.0,0.0,0.0
1957695440,0.0,0.0,0.0,0.0,0.0,0.0,0.0,0.0,0.0,0.0,0.0,0.0,0.0,0.0,0.0,0.0
1958356227,0.0,0.0,0.0,0.0,0.0,0.0,0.0,0.0,0.0,0.0,0.0,0.0,0.0,0.0,0.0,0.0
1958688492,0.0,0.0,0.0,0.0,0.0,0.0,0.0,0.0,0.0,0.0,0.0,0.0,0.0,0.0,0.0,0.0
1959043648,0.0,0.0,0.0,0.0,0.0,0.0,0.0,0.0,0.0,0.0,0.0,0.0,0.0,0.0,0.0,0.0
1959392852,0.0,0.0,0.0,0.0,0.0,0.0,0.0,0.0,0.0,0.0,0.0,0.0,0.0,0.0,0.0,0.0
1959728410,0.0,0.0,0.0,0.0,0.0,0.0,0.0,0.0,0.0,0.0,0.0,0.0,0.0,0.0,0.0,0.0
1960082509,0.0,0.0,0.0,0.0,0.0,0.0,0.0,0.0,0.0,0.0,0.0,0.0,0.0,0.0,0.0,0.0
1960403973,0.0,0.0,0.0,0.0,0.0,0.0,0.0,0.0,0.0,0.0,0.0,0.0,0.0,0.0,0.0,0.0
1960739321,0.0,0.0,0.0,0.0,0.0,0.0,0.0,0.0,0.0,0.0,0.0,0.0,0.0,0.0,0.0,0.0
1961094329,0.0,0.0,0.0,0.0,0.0,0.0,0.0,0.0,0.0,0.0,0.0,0.0,0.0,0.0,0.0,0.0
1961433962,0.0,0.0,0.0,0.0,0.0,0.0,0.0,0.0,0.0,0.0,0.0,0.0,0.0,0.0,0.0,0.0
1961718901,0.0,0.0,0.0,0.0,0.0,0.0,0.0,0.0,0.0,0.0,0.0,0.0,0.0,0.0,0.0,0.0
1961993104,0.0,0.0,0.0,0.0,0.0,0.0,0.0,0.0,0.0,0.0,0.0,0.0,0.0,0.0,0.0,0.0
1962316398,0.0,0.0,0.0,0.0,0.0,0.0,0.0,0.0,0.0,0.0,0.0,0.0,0.0,0.0,0.0,0.0
1962640286,0.0,0.0,0.0,0.0,0.0,0.0,0.0,0.0,0.0,0.0,0.0,0.0,0.0,0.0,0.0,0.0
1962974927,0.0,0.0,0.0,0.0,0.0,0.0,0.0,0.0,0.0,0.0,0.0,0.0,0.0,0.0,0.0,0.0
1963304280,0.0,0.0,0.0,0.0,0.0,0.0,0.0,0.0,0.0,0.0,0.0,0.0,0.0,0.0,0.0,0.0
1963637169,0.0,0.0,0.0,0.0,0.0,0.0,0.0,0.0,0.0,0.0,0.0,0.0,0.0,0.0,0.0,0.0
1963965882,0.0,0.0,0.0,0.0,0.0,0.0,0.0,0.0,0.0,0.0,0.0,0.0,0.0,0.0,0.0,0.0
1964296653,0.0,0.0,0.0,0.0,0.0,0.0,0.0,0.0,0.0,0.0,0.0,0.0,0.0,0.0,0.0,0.0
1964623672,0.0,0.0,0.0,0.0,0.0,0.0,0.0,0.0,0.0,0.0,0.0,0.0,0.0,0.0,0.0,0.0
1964952846,0.0,0.0,0.0,0.0,0.0,0.0,0.0,0.0,0.0,0.0,0.0,0.0,0.0,0.0,0.0,0.0
1965285492,0.0,0.0,0.0,0.0,0.0,0.0,0.0,0.0,0.0,0.0,0.0,0.0,0.0,0.0,0.0,0.0
1965615253,0.0,0.0,0.0,0.0,0.0,0.0,0.0,0.0,0.0,0.0,0.0,0.0,0.0,0.0,0.0,0.0
1965968016,0.0,0.0,0.0,0.0,0.0,0.0,0.0,0.0,0.0,0.0,0.0,0.0,0.0,0.0,0.0,0.0
1967915895,0.0,0.0,0.0,0.0,0.0,0.0,0.0,0.0,0.0,0.0,0.0,0.0,0.0,0.0,0.0,0.0
1968269867,0.0,0.0,0.0,0.0,0.0,0.0,0.0,0.0,0.0,0.0,0.0,0.0,0.0,0.0,0.0,0.0
1968581091,0.0,0.0,0.0,0.0,0.0,0.0,0.0,0.0,0.0,0.0,0.0,0.0,0.0,0.0,0.0,0.0
1968903260,0.0,0.0,0.0,0.0,0.0,0.0,0.0,0.0,0.0,0.0,0.0,0.0,0.0,0.0,0.0,0.0
1969182154,0.0,0.0,0.0,0.0,0.0,0.0,0.0,0.0,0.0,0.0,0.0,0.0,0.0,0.0,0.0,0.0
1969495507,0.0,0.0,0.0,0.0,0.0,0.0,0.0,0.0,0.0,0.0,0.0,0.0,0.0,0.0,0.0,0.0
1970109894,0.0,0.0,0.0,0.0,0.0,0.0,0.0,0.0,0.0,0.0,0.0,0.0,0.0,0.0,0.0,0.0
1970768071,0.0,0.0,0.0,0.0,0.0,0.0,0.0,0.0,0.0,0.0,0.0,0.0,0.0,0.0,0.0,0.0
1971101709,0.0,0.0,0.0,0.0,0.0,0.0,0.0,0.0,0.0,0.0,0.0,0.0,0.0,0.0,0.0,0.0
1971439798,0.0,0.0,0.0,0.0,0.0,0.0,0.0,0.0,0.0,0.0,0.0,0.0,0.0,0.0,0.0,0.0
1971779715,0.0,0.0,0.0,0.0,0.0,0.0,0.0,0.0,0.0,0.0,0.0,0.0,0.0,0.0,0.0,0.0
1972139699,0.0,0.0,0.0,0.0,0.0,0.0,0.0,0.0,0.0,0.0,0.0,0.0,0.0,0.0,0.0,0.0
1972490608,0.0,0.0,0.0,0.0,0.0,0.0,0.0,0.0,0.0,0.0,0.0,0.0,0.0,0.0,0.0,0.0
1972843071,-0.079327226,-0.89078003,0.44745746,0.0,-0.98639303,0.0053010583,-0.16431879,0.0,0.14399984,-0.45440388,-0.8790798,0.0,-0.13021092,0.48453033,0.08777374,1.0
1973186337,-0.06908059,-0.88578683,0.45892215,0.0,-0.9906576,0.006690502,-0.13620818,0.0,0.117580995,-0.4640441,-0.87797356,0.0,-0.12296137,0.480761,0.06841949,1.0
1973549692,-0.061543822,-0.88093716,0.46921438,0.0,-0.9935191,0.009059846,-0.11330353,0.0,0.095562264,-0.47314656,-0.8757856,0.0,-0.11572157,0.47618228,0.045824815,1.0
1974306594,-0.050865054,-0.8660583,0.49734885,0.0,-0.99599475,0.007322192,-0.08911207,0.0,0.07353453,-0.49988952,-0.862962,0.0,-0.10287825,0.45947933,-0.0066644866,1.0
1974699304,-0.04416573,-0.853822,0.5186885,0.0,-0.9966123,0.0015977621,-0.0822296,0.0,0.069380626,-0.52056295,-0.8510001,0.0,-0.09849403,0.44712025,-0.03438613,1.0
1974982176,-0.0380342,-0.84411156,0.5348171,0.0,-0.99705946,-0.0035754442,-0.07655002,0.0,0.06652889,-0.5361559,-0.84149337,0.0,-0.09643681,0.43769762,-0.053927653,1.0
1976388929,-0.00490427,-0.8124306,0.58303773,0.0,-0.9986137,-0.02658093,-0.04543802,0.0,0.05241275,-0.5824522,-0.81117415,0.0,-0.094750136,0.38775852,-0.14451817,1.0
1977059132,0.009095848,-0.79690236,0.6040398,0.0,-0.9988399,-0.035808206,-0.032200098,0.0,0.04728985,-0.6030461,-0.79630363,0.0,-0.0981533,0.36155614,-0.17945784,1.0
1978063472,0.032311857,-0.77985966,0.6251199,0.0,-0.99882984,-0.047714353,-0.007896662,0.0,0.03598544,-0.6241333,-0.78048897,0.0,-0.10726392,0.32669288,-0.21841873,1.0
1980466655,0.07835299,-0.73264974,0.67608094,0.0,-0.99691623,-0.054606557,0.056360304,0.0,-0.0043739974,-0.67841196,-0.73466897,0.0,-0.13524379,0.26008636,-0.27026236,1.0
1980803190,0.08264971,-0.72447217,0.6843312,0.0,-0.9965421,-0.054199696,0.06297788,0.0,-0.008535147,-0.6871699,-0.7264466,0.0,-0.13861945,0.25411186,-0.2746136,1.0
1981210117,0.08601618,-0.7175749,0.6911494,0.0,-0.9962364,-0.054505825,0.0673956,0.0,-0.010689735,-0.69434524,-0.71956253,0.0,-0.14175844,0.2477819,-0.27887204,1.0
1981525129,0.08823979,-0.7116537,0.6969665,0.0,-0.9960302,-0.054807544,0.070139855,0.0,-0.011716098,-0.700389,-0.71366477,0.0,-0.1439076,0.24362703,-0.28150496,1.0
1981867393,0.088968754,-0.70509475,0.70351,0.0,-0.9959422,-0.053353906,0.07247725,0.0,-0.013568461,-0.7071034,-0.70698047,0.0,-0.14592674,0.23988698,-0.28370047,1.0
